[ASCII 1000Hz, Channels: 1, Samples: 4788, Flags: 0]                          
0.000000 
0.000000 
0.000000 
0.000000 
0.000000 
0.000000 
0.000000 
0.000000 
0.000000 
0.000000 
0.000000 
0.000000 
0.000000 
0.000000 
0.000000 
0.000000 
0.000000 
0.000000 
0.000000 
0.000000 
0.000000 
0.000000 
0.000000 
0.000000 
0.000000 
0.000000 
0.000000 
0.000000 
0.000000 
0.000000 
0.000000 
0.000000 
0.000000 
0.000000 
0.000000 
0.000000 
0.000000 
0.000000 
0.000000 
0.000000 
0.000000 
0.000000 
0.000000 
0.000000 
0.000000 
0.000000 
0.000000 
0.000000 
0.000000 
0.000000 
0.000000 
0.000000 
0.000000 
0.000000 
0.000000 
0.000000 
0.000000 
0.000000 
0.000000 
0.000000 
0.000000 
0.000000 
0.000000 
0.000000 
0.000000 
0.000000 
0.000000 
0.000000 
-0.000000 
0.000000 
-0.000000 
0.000000 
0.000000 
-0.000000 
0.000008 
0.000008 
0.000035 
0.000112 
0.000194 
0.000158 
0.000355 
0.000610 
0.000478 
0.000589 
0.000466 
0.001134 
0.001659 
0.001264 
0.001229 
0.002389 
0.002531 
0.003184 
0.004301 
0.003917 
0.003608 
0.004766 
0.004927 
0.005829 
0.005624 
0.005723 
0.007772 
0.006662 
0.005688 
0.006317 
0.009496 
0.008876 
0.010092 
0.012830 
0.016269 
0.015064 
0.016505 
0.017797 
0.026532 
0.023693 
0.016347 
0.016694 
0.022457 
0.021052 
0.033970 
0.056776 
0.060980 
0.112691 
0.132487 
0.125565 
0.162348 
0.146786 
0.124834 
0.151574 
0.107060 
0.109765 
0.157459 
0.118497 
0.139174 
0.163712 
0.131957 
0.159033 
0.170614 
0.150751 
0.173176 
0.182071 
0.174604 
0.186674 
0.172439 
0.167155 
0.191465 
0.167485 
0.165978 
0.180935 
0.152168 
0.185382 
0.167299 
0.137033 
0.153763 
0.134034 
0.143730 
0.170159 
0.153225 
0.165212 
0.158584 
0.172675 
0.196977 
0.175651 
0.177011 
0.156109 
0.152052 
0.184048 
0.191071 
0.188785 
0.167596 
0.164194 
0.207772 
0.170732 
0.151299 
0.175043 
0.145377 
0.188396 
0.177526 
0.141962 
0.174161 
0.142794 
0.147103 
0.177828 
0.142802 
0.145582 
0.144739 
0.159618 
0.179879 
0.144778 
0.120362 
0.112594 
0.110822 
0.101137 
0.078334 
0.073453 
0.052108 
0.044085 
0.047095 
0.033479 
0.024043 
0.030287 
0.039208 
0.028828 
0.023445 
0.033227 
0.024829 
0.020214 
0.021546 
0.024755 
0.018677 
0.019327 
0.025702 
0.016639 
0.021549 
0.024759 
0.016662 
0.021764 
0.019634 
0.017303 
0.020421 
0.017197 
0.018841 
0.018390 
0.016460 
0.014495 
0.013490 
0.014700 
0.011797 
0.015398 
0.016600 
0.014959 
0.011791 
0.013780 
0.012769 
0.009606 
0.008022 
0.009468 
0.018310 
0.020777 
0.022445 
0.025085 
0.021371 
0.021319 
0.050986 
0.068515 
0.060376 
0.059960 
0.056968 
0.053021 
0.061935 
0.055658 
0.049889 
0.040303 
0.047815 
0.052240 
0.086899 
0.126657 
0.096917 
0.111349 
0.173306 
0.140870 
0.131082 
0.157826 
0.148819 
0.176151 
0.161697 
0.184007 
0.168354 
0.159112 
0.176002 
0.156274 
0.180585 
0.167251 
0.179576 
0.190126 
0.162478 
0.190967 
0.166619 
0.169968 
0.173542 
0.172039 
0.197397 
0.172941 
0.171075 
0.158352 
0.134823 
0.144095 
0.149092 
0.177198 
0.165529 
0.138702 
0.143670 
0.134865 
0.147519 
0.142960 
0.118338 
0.123033 
0.110461 
0.095244 
0.108147 
0.094268 
0.110146 
0.117446 
0.087720 
0.089676 
0.087862 
0.082355 
0.089930 
0.093179 
0.086309 
0.093483 
0.103758 
0.084119 
0.091738 
0.118390 
0.129580 
0.112607 
0.141496 
0.139518 
0.108009 
0.113377 
0.102498 
0.105234 
0.124483 
0.115082 
0.094905 
0.120649 
0.133576 
0.101846 
0.109008 
0.095442 
0.084624 
0.106238 
0.094505 
0.070631 
0.086254 
0.092541 
0.078566 
0.073486 
0.065564 
0.072209 
0.059520 
0.048869 
0.053276 
0.061074 
0.069010 
0.079766 
0.082227 
0.093486 
0.106894 
0.100321 
0.110325 
0.110145 
0.101851 
0.094981 
0.090484 
0.102322 
0.087593 
0.106113 
0.124013 
0.111259 
0.124610 
0.140802 
0.118779 
0.115744 
0.099316 
0.082318 
0.103440 
0.111860 
0.094194 
0.083618 
0.075516 
0.088245 
0.081189 
0.091819 
0.101785 
0.110216 
0.090964 
0.089293 
0.128387 
0.133003 
0.125426 
0.153915 
0.154683 
0.135355 
0.130421 
0.110947 
0.131269 
0.113816 
0.124111 
0.118652 
0.097026 
0.133156 
0.130071 
0.151337 
0.136678 
0.099810 
0.089502 
0.102520 
0.129815 
0.169504 
0.170108 
0.117700 
0.119531 
0.129446 
0.125756 
0.132086 
0.115677 
0.113269 
0.102121 
0.096342 
0.097847 
0.095661 
0.107724 
0.103747 
0.106746 
0.087625 
0.089965 
0.084522 
0.118733 
0.116783 
0.105168 
0.121169 
0.094559 
0.132209 
0.103636 
0.168768 
0.189172 
0.196235 
0.211141 
0.194050 
0.209940 
0.190000 
0.217353 
0.211352 
0.211978 
0.237590 
0.224041 
0.247639 
0.254914 
0.239130 
0.241242 
0.229642 
0.248111 
0.219280 
0.232085 
0.242747 
0.217596 
0.244949 
0.211958 
0.226005 
0.230381 
0.199159 
0.245143 
0.221668 
0.227178 
0.240450 
0.206006 
0.236630 
0.207984 
0.215006 
0.210811 
0.192369 
0.226779 
0.195668 
0.202923 
0.194927 
0.184297 
0.206009 
0.172115 
0.169552 
0.157834 
0.169106 
0.190544 
0.149554 
0.152769 
0.158821 
0.140643 
0.146415 
0.125808 
0.120951 
0.124488 
0.093438 
0.092766 
0.087837 
0.094890 
0.085550 
0.083648 
0.114252 
0.092343 
0.105950 
0.093004 
0.103936 
0.113080 
0.097686 
0.103850 
0.089469 
0.104817 
0.082196 
0.087173 
0.087056 
0.079464 
0.094049 
0.075727 
0.085527 
0.072553 
0.076122 
0.058286 
0.078704 
0.082194 
0.096112 
0.084647 
0.068508 
0.065820 
0.048917 
0.059528 
0.046157 
0.051944 
0.051674 
0.047728 
0.053134 
0.039616 
0.049263 
0.047474 
0.050017 
0.043425 
0.032767 
0.031057 
0.030230 
0.022719 
0.030092 
0.030019 
0.026470 
0.024126 
0.018941 
0.019195 
0.016155 
0.020832 
0.022701 
0.021026 
0.018251 
0.015039 
0.018468 
0.018510 
0.014792 
0.011767 
0.010628 
0.015511 
0.014853 
0.012360 
0.012443 
0.010209 
0.007999 
0.006480 
0.006527 
0.005803 
0.004441 
0.003363 
0.003142 
0.003143 
0.002734 
0.002070 
0.002014 
0.002262 
0.001648 
0.001968 
0.002007 
0.002281 
0.001694 
0.001718 
0.001940 
0.001491 
0.001561 
0.001233 
0.001771 
0.001451 
0.001551 
0.001369 
0.001165 
0.001398 
0.001007 
0.000983 
0.000712 
0.000757 
0.000701 
0.000721 
0.000812 
0.001028 
0.000868 
0.001495 
0.001842 
0.002052 
0.002225 
0.002690 
0.003830 
0.003259 
0.003752 
0.005538 
0.006080 
0.004763 
0.005435 
0.006868 
0.006182 
0.006068 
0.005828 
0.004653 
0.004591 
0.004535 
0.005159 
0.004617 
0.005192 
0.006479 
0.008299 
0.009413 
0.009106 
0.010732 
0.009238 
0.006494 
0.007508 
0.008107 
0.008043 
0.009251 
0.009037 
0.008691 
0.010936 
0.010574 
0.009266 
0.012131 
0.014114 
0.012407 
0.011704 
0.015128 
0.015186 
0.011291 
0.009507 
0.009847 
0.014341 
0.013749 
0.015757 
0.012760 
0.013110 
0.012109 
0.010463 
0.010355 
0.010781 
0.010965 
0.014509 
0.012807 
0.013027 
0.017434 
0.014450 
0.013915 
0.011663 
0.015118 
0.019890 
0.016710 
0.015547 
0.017270 
0.014364 
0.013358 
0.017867 
0.014790 
0.012210 
0.013050 
0.012480 
0.011439 
0.012230 
0.010282 
0.009737 
0.010275 
0.011266 
0.013895 
0.011056 
0.012119 
0.014303 
0.013733 
0.015609 
0.014478 
0.017135 
0.016033 
0.012876 
0.010785 
0.011663 
0.011735 
0.014734 
0.014326 
0.016594 
0.020595 
0.024824 
0.018434 
0.016385 
0.016426 
0.014628 
0.016337 
0.015627 
0.012039 
0.010318 
0.010848 
0.014027 
0.017746 
0.013493 
0.014606 
0.017097 
0.013559 
0.015223 
0.013219 
0.014120 
0.013413 
0.015097 
0.012906 
0.010903 
0.010504 
0.011968 
0.012858 
0.009384 
0.008296 
0.007801 
0.006767 
0.005891 
0.009382 
0.010161 
0.007591 
0.007635 
0.008596 
0.007670 
0.007325 
0.007447 
0.007137 
0.007389 
0.006595 
0.008442 
0.009419 
0.006849 
0.006203 
0.005367 
0.004452 
0.003441 
0.003069 
0.003658 
0.003810 
0.004450 
0.003749 
0.003900 
0.004680 
0.004532 
0.005611 
0.004677 
0.003378 
0.002534 
0.001985 
0.002027 
0.002094 
0.001803 
0.002369 
0.002071 
0.001725 
0.001424 
0.001495 
0.001595 
0.001401 
0.001631 
0.001763 
0.001612 
0.001196 
0.000907 
0.000781 
0.000681 
0.000504 
0.000396 
0.000282 
0.000232 
0.000436 
0.000466 
0.000399 
0.000347 
0.000270 
0.000333 
0.000408 
0.000314 
0.000223 
0.000165 
0.000130 
0.000097 
0.000068 
0.000066 
0.000059 
0.000052 
0.000046 
0.000032 
0.000025 
0.000019 
0.000014 
0.000010 
0.000007 
0.000005 
0.000004 
0.000003 
0.000001 
0.000008 
0.000025 
0.000026 
0.000019 
0.000014 
0.000010 
0.000007 
0.000005 
0.000004 
0.000003 
0.000002 
0.000001 
0.000001 
0.000001 
0.000001 
0.000000 
0.000000 
0.000000 
0.000003 
0.000002 
0.000001 
0.000001 
0.000001 
0.000001 
0.000000 
0.000000 
0.000000 
0.000000 
0.000000 
0.000000 
0.000000 
0.000000 
0.000000 
0.000000 
0.000000 
0.000000 
0.000000 
0.000000 
0.000000 
0.000000 
0.000000 
0.000000 
0.000000 
0.000000 
0.000000 
0.000000 
0.000000 
0.000000 
0.000000 
0.000000 
0.000000 
0.000000 
0.000000 
0.000000 
0.000000 
0.000000 
0.000000 
0.000000 
0.000000 
0.000000 
-0.000000 
0.000000 
-0.000000 
0.000000 
-0.000000 
0.000001 
0.000008 
0.000023 
0.000031 
0.000038 
0.000074 
0.000090 
0.000273 
0.000295 
0.000224 
0.000185 
0.000163 
0.000128 
0.000481 
0.003868 
0.007731 
0.020759 
0.037900 
0.046384 
0.090380 
0.083631 
0.066589 
0.057434 
0.061295 
0.062089 
0.071511 
0.097994 
0.086825 
0.058071 
0.063883 
0.102904 
0.112893 
0.171888 
0.161094 
0.158601 
0.171371 
0.151852 
0.132372 
0.139630 
0.145933 
0.140957 
0.110026 
0.121723 
0.124014 
0.129059 
0.122950 
0.135587 
0.152496 
0.146154 
0.166019 
0.163714 
0.175695 
0.187095 
0.213704 
0.217341 
0.208081 
0.203682 
0.207177 
0.226458 
0.231358 
0.244164 
0.240966 
0.232889 
0.227011 
0.243598 
0.224189 
0.232695 
0.236496 
0.243427 
0.243514 
0.234274 
0.264686 
0.239451 
0.252891 
0.258350 
0.269656 
0.271118 
0.258733 
0.264393 
0.256285 
0.238360 
0.237247 
0.224725 
0.227508 
0.251089 
0.228155 
0.241275 
0.223604 
0.239377 
0.243114 
0.217481 
0.245636 
0.228185 
0.250620 
0.235068 
0.225507 
0.255831 
0.240855 
0.257326 
0.252895 
0.257571 
0.239532 
0.246768 
0.226474 
0.243171 
0.236381 
0.228557 
0.229300 
0.205026 
0.230163 
0.199267 
0.228474 
0.204574 
0.215753 
0.212993 
0.202877 
0.212268 
0.185676 
0.222280 
0.198526 
0.219265 
0.220644 
0.216868 
0.212076 
0.213757 
0.213389 
0.194185 
0.207849 
0.196674 
0.208978 
0.213409 
0.227906 
0.219071 
0.205913 
0.227840 
0.204943 
0.227227 
0.211923 
0.232884 
0.220953 
0.217552 
0.236437 
0.209715 
0.233953 
0.216971 
0.235919 
0.217136 
0.219969 
0.229759 
0.220923 
0.237612 
0.208032 
0.234360 
0.218696 
0.220058 
0.203990 
0.204666 
0.214198 
0.197234 
0.214235 
0.200297 
0.226286 
0.206335 
0.223990 
0.220559 
0.218190 
0.232790 
0.223157 
0.237513 
0.225986 
0.243188 
0.225957 
0.237620 
0.237623 
0.225549 
0.249595 
0.221141 
0.237345 
0.238762 
0.249590 
0.257202 
0.223023 
0.244399 
0.237543 
0.236733 
0.246356 
0.210463 
0.247524 
0.230700 
0.228522 
0.246578 
0.210111 
0.255933 
0.228777 
0.214872 
0.255527 
0.200519 
0.224714 
0.226916 
0.203665 
0.250667 
0.204716 
0.201102 
0.213554 
0.178123 
0.214318 
0.188288 
0.178918 
0.221062 
0.163676 
0.210939 
0.232461 
0.183479 
0.221635 
0.211505 
0.193035 
0.205752 
0.170751 
0.180348 
0.156368 
0.112371 
0.155898 
0.126500 
0.097787 
0.104057 
0.073800 
0.055522 
0.042964 
0.029540 
0.025858 
0.038073 
0.027449 
0.024929 
0.040717 
0.034276 
0.025683 
0.043276 
0.039906 
0.030562 
0.041857 
0.034447 
0.035462 
0.048229 
0.039045 
0.032026 
0.036547 
0.026845 
0.039328 
0.048354 
0.031342 
0.043098 
0.050503 
0.036377 
0.043074 
0.054593 
0.038684 
0.045005 
0.048181 
0.031541 
0.047256 
0.046885 
0.030246 
0.043567 
0.042647 
0.028097 
0.039222 
0.048880 
0.034596 
0.038864 
0.050662 
0.034414 
0.040883 
0.049657 
0.032708 
0.029001 
0.050449 
0.043113 
0.031047 
0.043602 
0.038988 
0.026535 
0.047228 
0.052121 
0.031962 
0.062828 
0.066986 
0.039107 
0.094976 
0.099954 
0.063677 
0.080363 
0.074630 
0.046910 
0.077083 
0.092412 
0.057532 
0.069057 
0.083358 
0.053263 
0.081208 
0.099070 
0.067298 
0.057339 
0.074283 
0.055618 
0.046085 
0.091638 
0.082301 
0.053252 
0.083131 
0.102202 
0.066571 
0.061098 
0.084370 
0.066310 
0.042440 
0.057201 
0.075207 
0.051328 
0.038327 
0.065776 
0.069060 
0.045466 
0.036938 
0.061481 
0.055609 
0.035533 
0.037376 
0.058814 
0.047367 
0.031293 
0.039207 
0.047126 
0.033872 
0.025007 
0.018424 
0.032322 
0.033245 
0.022522 
0.016288 
0.017465 
0.019062 
0.013642 
0.009774 
0.008281 
0.008597 
0.006301 
0.004351 
0.008140 
0.008279 
0.005330 
0.004569 
0.007675 
0.006406 
0.004108 
0.005250 
0.008585 
0.006507 
0.004464 
0.004477 
0.004973 
0.003583 
0.002357 
0.003349 
0.004765 
0.003349 
0.002289 
0.003518 
0.003982 
0.002380 
0.002791 
0.005032 
0.007666 
0.014535 
0.012031 
0.015572 
0.018841 
0.014282 
0.011632 
0.010003 
0.027983 
0.051293 
0.052071 
0.039577 
0.028898 
0.023087 
0.029810 
0.033209 
0.034782 
0.029555 
0.021297 
0.023665 
0.024585 
0.023836 
0.017581 
0.018616 
0.028245 
0.025885 
0.025226 
0.023769 
0.025662 
0.027550 
0.031449 
0.032801 
0.033578 
0.032463 
0.030442 
0.045950 
0.047715 
0.054282 
0.066209 
0.059569 
0.058506 
0.056850 
0.057421 
0.056306 
0.055591 
0.047062 
0.050325 
0.081264 
0.072552 
0.066576 
0.066709 
0.081791 
0.091262 
0.078788 
0.057068 
0.050899 
0.068442 
0.076615 
0.066348 
0.051696 
0.069261 
0.090793 
0.070106 
0.060334 
0.069480 
0.085336 
0.080224 
0.064597 
0.052982 
0.074082 
0.091647 
0.069916 
0.051472 
0.038812 
0.052902 
0.058456 
0.046416 
0.037396 
0.042229 
0.043083 
0.037961 
0.028719 
0.028994 
0.034445 
0.035143 
0.039864 
0.034862 
0.032846 
0.030431 
0.028352 
0.021941 
0.024154 
0.027119 
0.019965 
0.017708 
0.017981 
0.016211 
0.014121 
0.013690 
0.020130 
0.017755 
0.017839 
0.022054 
0.017868 
0.015515 
0.016414 
0.016535 
0.015660 
0.013598 
0.013255 
0.013324 
0.013813 
0.016133 
0.013433 
0.011101 
0.014938 
0.015375 
0.013329 
0.012710 
0.015277 
0.015800 
0.019077 
0.018576 
0.018964 
0.018844 
0.022383 
0.023042 
0.018333 
0.017839 
0.021512 
0.020260 
0.021683 
0.020755 
0.019588 
0.022087 
0.020376 
0.018150 
0.019408 
0.019227 
0.019756 
0.020180 
0.019138 
0.021445 
0.019939 
0.020385 
0.026545 
0.033433 
0.043111 
0.042830 
0.034880 
0.034433 
0.031014 
0.029020 
0.039952 
0.042365 
0.033877 
0.042419 
0.042578 
0.034658 
0.035473 
0.032366 
0.032696 
0.032907 
0.038778 
0.047354 
0.040873 
0.037523 
0.034419 
0.042593 
0.046480 
0.037386 
0.030220 
0.027208 
0.027580 
0.024326 
0.020389 
0.035913 
0.039255 
0.024460 
0.062308 
0.083099 
0.053756 
0.064877 
0.109354 
0.090377 
0.062690 
0.099540 
0.104532 
0.067377 
0.067311 
0.092751 
0.072134 
0.046957 
0.078880 
0.098346 
0.064421 
0.057099 
0.107260 
0.095683 
0.059313 
0.086530 
0.114529 
0.077566 
0.062551 
0.111772 
0.107901 
0.067972 
0.084045 
0.123755 
0.091994 
0.067082 
0.115993 
0.123458 
0.078286 
0.089370 
0.134933 
0.104427 
0.074969 
0.114374 
0.125395 
0.082567 
0.086527 
0.133747 
0.110194 
0.077040 
0.114701 
0.130531 
0.086698 
0.088679 
0.131290 
0.107920 
0.074127 
0.110232 
0.123949 
0.082178 
0.077749 
0.120828 
0.103588 
0.070249 
0.099044 
0.117095 
0.078659 
0.077575 
0.118107 
0.097343 
0.068264 
0.101658 
0.115335 
0.077606 
0.089224 
0.130915 
0.100750 
0.104909 
0.207704 
0.194600 
0.140437 
0.161471 
0.149346 
0.103210 
0.134999 
0.154706 
0.105538 
0.121581 
0.183067 
0.138534 
0.106850 
0.164192 
0.156509 
0.101883 
0.143030 
0.168043 
0.111500 
0.115074 
0.163099 
0.127535 
0.097953 
0.142394 
0.134745 
0.088857 
0.122013 
0.146476 
0.098424 
0.093486 
0.132653 
0.109746 
0.079619 
0.122387 
0.126059 
0.084061 
0.094783 
0.136288 
0.110618 
0.086117 
0.127445 
0.126180 
0.085367 
0.103896 
0.133134 
0.101275 
0.080554 
0.113408 
0.109193 
0.073768 
0.093547 
0.123919 
0.093234 
0.073179 
0.099199 
0.090004 
0.059368 
0.071516 
0.083761 
0.056128 
0.054318 
0.093469 
0.079049 
0.051458 
0.078157 
0.089671 
0.056648 
0.056988 
0.094095 
0.074564 
0.048130 
0.073899 
0.087812 
0.057752 
0.046847 
0.080325 
0.072968 
0.046041 
0.049947 
0.082063 
0.063577 
0.041127 
0.052115 
0.076523 
0.055292 
0.036705 
0.049734 
0.067653 
0.047910 
0.032169 
0.040680 
0.060788 
0.044128 
0.029566 
0.033886 
0.058592 
0.044617 
0.030178 
0.029991 
0.047129 
0.036587 
0.024601 
0.028265 
0.030762 
0.021275 
0.015056 
0.016658 
0.019405 
0.014422 
0.009610 
0.014364 
0.021803 
0.022043 
0.017541 
0.026178 
0.034591 
0.027381 
0.023400 
0.023797 
0.025963 
0.025041 
0.026338 
0.032237 
0.031765 
0.029677 
0.050011 
0.058807 
0.054371 
0.052419 
0.050919 
0.071834 
0.095258 
0.092169 
0.090821 
0.076350 
0.108626 
0.129304 
0.139774 
0.116966 
0.094060 
0.084939 
0.095823 
0.100445 
0.129435 
0.127503 
0.132955 
0.124788 
0.121131 
0.149588 
0.131527 
0.117909 
0.139706 
0.144258 
0.130271 
0.109496 
0.099908 
0.122252 
0.137848 
0.125099 
0.119566 
0.117040 
0.121170 
0.096589 
0.084307 
0.068647 
0.077694 
0.083679 
0.066998 
0.079419 
0.100967 
0.077111 
0.080353 
0.132144 
0.115906 
0.083287 
0.109575 
0.115544 
0.080818 
0.096465 
0.095119 
0.067861 
0.096855 
0.091293 
0.074096 
0.126133 
0.108776 
0.085600 
0.124256 
0.089807 
0.097509 
0.122589 
0.087611 
0.153903 
0.137787 
0.117739 
0.160276 
0.117865 
0.156374 
0.140700 
0.128978 
0.170866 
0.127546 
0.164559 
0.157069 
0.168620 
0.177286 
0.150135 
0.177337 
0.159715 
0.179568 
0.178533 
0.173970 
0.172105 
0.169008 
0.203920 
0.187595 
0.172898 
0.166125 
0.175338 
0.180282 
0.212617 
0.227603 
0.234218 
0.206862 
0.214015 
0.227799 
0.230640 
0.230192 
0.223439 
0.230676 
0.189954 
0.193399 
0.192829 
0.173760 
0.185592 
0.169893 
0.174517 
0.163264 
0.196271 
0.171772 
0.199219 
0.221408 
0.211552 
0.203059 
0.207698 
0.189843 
0.188822 
0.200791 
0.218239 
0.212334 
0.224768 
0.206195 
0.217269 
0.211742 
0.215784 
0.198875 
0.208825 
0.213028 
0.215520 
0.211975 
0.223693 
0.222345 
0.214597 
0.215914 
0.216360 
0.210242 
0.213502 
0.215494 
0.219624 
0.209246 
0.207544 
0.215902 
0.217474 
0.220361 
0.216733 
0.213282 
0.202227 
0.213161 
0.214429 
0.212904 
0.216302 
0.208393 
0.210706 
0.194787 
0.189091 
0.182554 
0.169267 
0.151670 
0.126954 
0.103421 
0.088632 
0.063038 
0.056009 
0.044356 
0.033418 
0.025996 
0.027741 
0.024941 
0.023790 
0.020314 
0.019109 
0.017105 
0.016958 
0.017178 
0.018423 
0.016852 
0.026448 
0.031357 
0.034771 
0.050949 
0.062164 
0.072693 
0.085329 
0.088443 
0.102518 
0.111487 
0.118326 
0.127366 
0.138082 
0.151251 
0.166543 
0.187849 
0.198133 
0.222236 
0.214688 
0.216031 
0.203573 
0.198744 
0.196994 
0.192506 
0.189462 
0.196900 
0.220347 
0.255711 
0.248166 
0.218578 
0.202745 
0.172416 
0.163367 
0.174241 
0.187792 
0.190655 
0.207759 
0.213008 
0.214028 
0.214021 
0.204756 
0.187022 
0.165264 
0.173792 
0.170985 
0.164211 
0.167521 
0.169751 
0.157976 
0.150991 
0.156499 
0.146721 
0.142843 
0.147175 
0.152846 
0.154827 
0.154803 
0.150334 
0.148293 
0.137401 
0.127269 
0.114094 
0.103825 
0.098881 
0.088793 
0.078777 
0.068242 
0.056838 
0.048893 
0.040314 
0.033957 
0.023584 
0.020842 
0.017997 
0.016041 
0.015392 
0.016863 
0.017618 
0.019936 
0.017769 
0.016718 
0.013885 
0.012518 
0.015607 
0.015228 
0.014616 
0.012061 
0.009072 
0.008905 
0.007792 
0.007168 
0.006731 
0.006044 
0.005856 
0.005825 
0.005931 
0.006384 
0.006422 
0.006607 
0.006163 
0.005596 
0.005356 
0.005228 
0.005488 
0.004509 
0.003642 
0.003774 
0.003240 
0.002822 
0.002122 
0.001517 
0.001683 
0.004342 
0.004884 
0.018675 
0.041932 
0.049302 
0.041757 
0.031898 
0.026963 
0.028572 
0.028208 
0.036415 
0.045243 
0.039039 
0.044198 
0.050563 
0.074381 
0.094475 
0.069758 
0.068318 
0.071908 
0.055784 
0.047438 
0.041627 
0.042308 
0.034289 
0.036554 
0.054946 
0.058543 
0.065066 
0.066389 
0.060488 
0.080060 
0.090120 
0.075140 
0.069867 
0.065425 
0.052074 
0.056117 
0.046545 
0.038196 
0.036470 
0.032514 
0.033357 
0.031922 
0.027997 
0.029052 
0.024228 
0.020829 
0.016048 
0.015102 
0.016439 
0.015412 
0.014333 
0.012570 
0.011396 
0.009297 
0.007427 
0.006380 
0.005010 
0.004416 
0.005603 
0.005348 
0.004227 
0.004695 
0.005087 
0.004477 
0.004211 
0.004215 
0.003716 
0.003152 
0.002560 
0.002976 
0.002101 
0.005109 
0.008456 
0.006257 
0.004951 
0.003714 
0.003380 
0.003344 
0.002615 
0.002368 
0.004376 
0.004511 
0.004604 
0.005146 
0.004974 
0.004225 
0.004755 
0.005013 
0.004753 
0.005616 
0.006397 
0.008798 
0.008141 
0.009835 
0.009384 
0.009305 
0.010866 
0.010361 
0.009664 
0.012176 
0.014473 
0.014477 
0.018498 
0.018202 
0.015189 
0.016341 
0.014527 
0.017150 
0.018905 
0.020286 
0.021687 
0.023232 
0.032792 
0.024814 
0.023841 
0.025179 
0.024831 
0.052838 
0.081373 
0.141139 
0.180103 
0.204915 
0.234686 
0.263422 
0.253547 
0.237885 
0.224264 
0.209486 
0.187979 
0.176383 
0.159384 
0.168252 
0.185969 
0.188749 
0.214264 
0.218725 
0.225622 
0.224627 
0.224873 
0.227319 
0.250144 
0.247195 
0.237724 
0.229401 
0.237978 
0.239381 
0.232216 
0.249760 
0.280582 
0.299373 
0.305330 
0.300565 
0.287043 
0.280695 
0.265269 
0.259198 
0.250147 
0.242661 
0.243355 
0.226089 
0.234091 
0.236563 
0.238713 
0.229488 
0.237588 
0.230571 
0.223270 
0.209265 
0.210632 
0.196811 
0.201146 
0.201216 
0.209370 
0.205854 
0.195500 
0.197915 
0.197182 
0.179798 
0.160216 
0.167331 
0.158153 
0.160763 
0.147584 
0.156567 
0.148846 
0.135766 
0.146096 
0.152546 
0.158023 
0.165795 
0.169622 
0.146223 
0.154313 
0.160356 
0.159234 
0.151238 
0.159234 
0.160515 
0.176842 
0.173785 
0.182722 
0.162781 
0.169358 
0.147431 
0.139090 
0.132857 
0.140047 
0.117495 
0.125183 
0.119781 
0.145659 
0.131918 
0.128077 
0.116900 
0.099387 
0.124389 
0.106615 
0.105528 
0.093223 
0.073390 
0.100143 
0.090458 
0.069766 
0.057203 
0.042551 
0.036669 
0.040721 
0.030445 
0.025026 
0.031825 
0.025678 
0.018784 
0.019525 
0.018585 
0.014520 
0.009595 
0.013907 
0.021838 
0.015554 
0.011146 
0.009818 
0.010387 
0.007551 
0.005521 
0.003880 
0.004247 
0.004697 
0.004308 
0.004698 
0.003561 
0.002757 
0.004411 
0.006598 
0.004692 
0.004021 
0.004583 
0.003905 
0.002540 
0.003429 
0.004287 
0.003021 
0.002209 
0.001960 
0.001813 
0.001827 
0.002627 
0.002199 
0.001899 
0.001764 
0.001300 
0.001755 
0.002221 
0.001878 
0.001965 
0.001288 
0.001460 
0.001353 
0.001076 
0.000884 
0.000877 
0.000728 
0.000533 
0.000355 
0.000655 
0.000850 
0.000575 
0.000410 
0.000438 
0.000458 
0.000307 
0.000235 
0.000169 
0.000130 
0.000097 
0.000129 
0.000158 
0.000109 
0.000091 
0.000065 
0.000048 
0.000034 
0.000028 
0.000028 
0.000020 
0.000015 
0.000011 
0.000008 
0.000006 
0.000004 
0.000003 
0.000002 
0.000002 
0.000001 
0.000001 
0.000001 
0.000000 
0.000000 
0.000000 
0.000000 
0.000000 
0.000000 
0.000000 
0.000000 
0.000000 
0.000000 
0.000000 
0.000000 
0.000000 
0.000000 
0.000000 
0.000000 
0.000000 
0.000000 
0.000000 
0.000000 
0.000000 
0.000000 
0.000000 
0.000000 
0.000000 
0.000000 
0.000000 
0.000000 
0.000000 
0.000000 
0.000000 
0.000000 
0.000000 
-0.000000 
0.000000 
-0.000000 
0.000000 
-0.000000 
0.000001 
0.000003 
0.000002 
0.000001 
0.000001 
0.000001 
0.000000 
0.000000 
0.000000 
0.000000 
0.000000 
0.000000 
0.000000 
0.000000 
0.000000 
0.000000 
0.000000 
0.000000 
0.000000 
0.000000 
0.000000 
0.000000 
0.000000 
0.000000 
0.000000 
0.000000 
0.000000 
0.000000 
0.000000 
0.000000 
0.000000 
0.000000 
0.000000 
0.000000 
-0.000000 
-0.000000 
0.000000 
-0.000000 
0.000002 
0.000002 
0.000001 
0.000001 
0.000001 
0.000001 
0.000000 
0.000000 
0.000000 
0.000000 
0.000000 
0.000000 
0.000000 
0.000000 
0.000000 
0.000000 
0.000000 
0.000000 
0.000000 
0.000000 
0.000000 
0.000000 
0.000000 
0.000000 
0.000000 
0.000000 
0.000000 
0.000000 
0.000000 
0.000000 
0.000000 
0.000000 
-0.000000 
0.000000 
-0.000000 
0.000000 
-0.000000 
0.000001 
0.000003 
0.000002 
0.000001 
0.000001 
0.000001 
0.000000 
0.000000 
0.000000 
0.000000 
0.000000 
0.000000 
0.000000 
0.000000 
0.000000 
0.000000 
-0.000000 
0.000001 
0.000003 
0.000002 
0.000001 
0.000001 
0.000001 
0.000000 
0.000000 
0.000000 
0.000000 
0.000000 
0.000000 
-0.000000 
0.000002 
0.000005 
0.000003 
0.000002 
0.000002 
0.000001 
0.000001 
0.000001 
0.000003 
0.000002 
0.000002 
0.000001 
0.000001 
0.000001 
0.000000 
0.000000 
0.000000 
0.000000 
0.000000 
0.000000 
0.000000 
0.000000 
0.000000 
0.000000 
0.000000 
0.000000 
0.000000 
0.000000 
0.000000 
0.000000 
0.000000 
0.000000 
0.000000 
0.000000 
0.000000 
0.000000 
0.000000 
0.000000 
0.000000 
0.000000 
0.000000 
0.000000 
0.000000 
0.000000 
0.000000 
0.000000 
0.000000 
0.000000 
0.000000 
0.000000 
0.000000 
0.000000 
0.000000 
0.000000 
0.000000 
0.000000 
0.000000 
0.000000 
0.000000 
0.000000 
0.000000 
0.000000 
0.000000 
0.000000 
0.000000 
0.000000 
0.000000 
0.000000 
0.000000 
0.000000 
-0.000000 
0.000000 
-0.000000 
-0.000000 
0.000000 
-0.000000 
0.000004 
0.000004 
0.000005 
0.000004 
0.000003 
0.000002 
0.000002 
0.000001 
0.000001 
0.000001 
0.000000 
0.000000 
0.000000 
0.000002 
0.000003 
0.000002 
0.000001 
0.000001 
0.000001 
0.000000 
0.000000 
0.000000 
0.000000 
0.000000 
0.000000 
0.000000 
0.000000 
0.000000 
0.000000 
0.000000 
0.000000 
0.000000 
0.000000 
0.000000 
0.000000 
-0.000000 
0.000000 
-0.000000 
0.000001 
0.000003 
0.000002 
0.000001 
0.000001 
0.000001 
0.000000 
0.000000 
0.000000 
0.000000 
0.000000 
0.000000 
-0.000000 
0.000000 
0.000002 
0.000002 
0.000001 
0.000001 
0.000001 
0.000001 
0.000000 
0.000000 
0.000000 
0.000000 
0.000000 
0.000000 
0.000000 
0.000000 
0.000000 
0.000000 
0.000000 
0.000000 
0.000000 
0.000000 
0.000000 
-0.000000 
0.000000 
-0.000000 
0.000000 
0.000002 
0.000002 
0.000001 
0.000001 
0.000004 
0.000005 
0.000003 
0.000002 
0.000002 
0.000001 
0.000001 
0.000001 
0.000000 
0.000000 
0.000000 
0.000000 
0.000000 
0.000000 
0.000000 
0.000000 
0.000000 
0.000000 
0.000000 
0.000000 
0.000000 
0.000000 
-0.000000 
0.000002 
0.000002 
0.000001 
0.000001 
0.000001 
0.000001 
0.000000 
0.000000 
0.000000 
0.000000 
0.000000 
0.000000 
0.000000 
0.000000 
-0.000000 
0.000000 
0.000002 
0.000002 
0.000001 
0.000001 
0.000001 
0.000001 
0.000000 
0.000000 
0.000000 
0.000000 
0.000000 
0.000000 
0.000000 
0.000000 
0.000000 
0.000000 
0.000000 
0.000000 
0.000000 
0.000000 
0.000000 
0.000000 
0.000000 
0.000000 
0.000000 
0.000000 
0.000000 
0.000000 
0.000000 
0.000000 
0.000000 
0.000000 
0.000000 
0.000000 
0.000000 
-0.000000 
0.000000 
-0.000000 
0.000000 
-0.000000 
0.000001 
0.000008 
0.000007 
0.000005 
0.000004 
0.000003 
0.000002 
0.000001 
0.000001 
0.000000 
0.000002 
0.000003 
0.000002 
0.000001 
0.000001 
0.000001 
0.000001 
0.000000 
0.000000 
0.000000 
0.000000 
0.000000 
0.000000 
0.000000 
0.000000 
0.000000 
0.000000 
0.000000 
0.000000 
0.000000 
0.000000 
0.000000 
0.000000 
0.000000 
0.000000 
0.000000 
0.000000 
0.000000 
0.000000 
-0.000000 
0.000000 
-0.000000 
0.000000 
-0.000000 
0.000000 
0.000002 
0.000002 
0.000001 
0.000001 
0.000001 
0.000001 
0.000000 
0.000000 
0.000000 
0.000000 
0.000000 
-0.000000 
0.000001 
0.000003 
0.000002 
0.000001 
0.000001 
0.000001 
0.000000 
0.000000 
0.000000 
0.000000 
0.000000 
0.000000 
0.000000 
0.000000 
0.000000 
0.000000 
0.000000 
0.000000 
0.000000 
0.000000 
0.000000 
0.000000 
0.000000 
0.000000 
0.000000 
0.000000 
0.000000 
-0.000000 
0.000000 
-0.000000 
0.000000 
0.000009 
0.000020 
0.000003 
0.000119 
0.000200 
0.000298 
0.000398 
0.000316 
0.000266 
0.000160 
0.000257 
0.001026 
0.003580 
0.006008 
0.011553 
0.019454 
0.028432 
0.037894 
0.027216 
0.020259 
0.026030 
0.041025 
0.038662 
0.044527 
0.059231 
0.053880 
0.093395 
0.090202 
0.126268 
0.221916 
0.163004 
0.166130 
0.184106 
0.146375 
0.129351 
0.164584 
0.134057 
0.147317 
0.211416 
0.153563 
0.259725 
0.231296 
0.233882 
0.318910 
0.226845 
0.306650 
0.243658 
0.255628 
0.312819 
0.225540 
0.344789 
0.270444 
0.256291 
0.308884 
0.205600 
0.263058 
0.238444 
0.164607 
0.225777 
0.205681 
0.180471 
0.261250 
0.219834 
0.169175 
0.201048 
0.228735 
0.201483 
0.218310 
0.238002 
0.203604 
0.204400 
0.240405 
0.207714 
0.190932 
0.235860 
0.212965 
0.197103 
0.237786 
0.205260 
0.201978 
0.236392 
0.174187 
0.192116 
0.219697 
0.134539 
0.208561 
0.223397 
0.147477 
0.221900 
0.198791 
0.138783 
0.197241 
0.159330 
0.135940 
0.180736 
0.143086 
0.134872 
0.164512 
0.122100 
0.122071 
0.147209 
0.116731 
0.102689 
0.099500 
0.078839 
0.057899 
0.056871 
0.052464 
0.037750 
0.041782 
0.036217 
0.022760 
0.037252 
0.056300 
0.038733 
0.031888 
0.040144 
0.030406 
0.021297 
0.017057 
0.015205 
0.012961 
0.012431 
0.008300 
0.009761 
0.010451 
0.006974 
0.005349 
0.004188 
0.006962 
0.008509 
0.007176 
0.006783 
0.006717 
0.006163 
0.004130 
0.005102 
0.005786 
0.004176 
0.003033 
0.003666 
0.004314 
0.003067 
0.003310 
0.005158 
0.004079 
0.002716 
0.003154 
0.003999 
0.003167 
0.002528 
0.002368 
0.002923 
0.002929 
0.001712 
0.003730 
0.004367 
0.003188 
0.003847 
0.003523 
0.003652 
0.002765 
0.002035 
0.001786 
0.001300 
0.000946 
0.000987 
0.001101 
0.001322 
0.001329 
0.000918 
0.000968 
0.000813 
0.000561 
0.000418 
0.000299 
0.000218 
0.000158 
0.000114 
0.000083 
0.000060 
0.000044 
0.000032 
0.000023 
0.000017 
0.000012 
0.000009 
0.000007 
0.000005 
0.000003 
0.000003 
0.000002 
0.000001 
0.000001 
0.000001 
0.000000 
0.000001 
0.000003 
0.000002 
0.000001 
0.000001 
0.000001 
0.000001 
0.000000 
0.000000 
0.000000 
0.000000 
0.000000 
0.000000 
0.000000 
0.000000 
0.000000 
0.000000 
0.000000 
0.000000 
0.000000 
0.000000 
-0.000000 
0.000000 
-0.000000 
0.000000 
-0.000001 
0.000010 
0.000158 
0.000569 
0.000941 
0.000847 
0.003070 
0.004865 
0.012329 
0.017125 
0.016937 
0.025466 
0.038368 
0.062282 
0.081928 
0.073000 
0.062229 
0.085013 
0.125291 
0.087180 
0.126485 
0.120786 
0.097780 
0.147767 
0.106575 
0.116224 
0.141503 
0.091161 
0.130601 
0.137759 
0.096604 
0.128404 
0.107897 
0.102394 
0.124436 
0.110397 
0.111694 
0.134600 
0.107244 
0.105109 
0.122200 
0.103692 
0.116641 
0.123674 
0.141557 
0.131171 
0.138562 
0.152845 
0.131714 
0.162521 
0.152561 
0.139165 
0.157405 
0.145131 
0.149380 
0.144728 
0.129375 
0.136985 
0.113547 
0.115140 
0.121724 
0.117710 
0.109754 
0.107002 
0.113911 
0.107375 
0.108523 
0.102819 
0.106284 
0.095174 
0.090563 
0.103634 
0.101510 
0.099389 
0.089344 
0.091365 
0.094546 
0.073846 
0.085494 
0.071241 
0.076619 
0.085924 
0.069275 
0.088941 
0.079750 
0.089175 
0.086551 
0.076730 
0.092497 
0.079646 
0.079092 
0.070965 
0.072956 
0.070696 
0.073504 
0.099860 
0.073018 
0.075339 
0.061265 
0.055637 
0.068790 
0.049641 
0.063607 
0.048774 
0.053912 
0.059441 
0.044369 
0.058645 
0.043743 
0.056600 
0.055023 
0.049015 
0.059865 
0.044902 
0.058975 
0.046608 
0.053009 
0.053117 
0.044626 
0.050254 
0.037807 
0.047722 
0.036566 
0.040827 
0.044986 
0.033182 
0.038278 
0.027911 
0.034785 
0.038262 
0.032302 
0.041765 
0.029061 
0.040533 
0.035205 
0.036630 
0.050933 
0.039681 
0.052987 
0.039155 
0.045165 
0.039173 
0.037670 
0.052614 
0.036438 
0.046898 
0.041723 
0.037295 
0.051751 
0.036523 
0.044207 
0.042857 
0.034246 
0.051636 
0.036467 
0.040264 
0.046431 
0.031525 
0.045706 
0.039209 
0.030436 
0.026803 
0.018626 
0.013702 
0.010212 
0.007680 
0.006511 
0.004751 
0.008903 
0.008510 
0.008204 
0.008856 
0.006130 
0.006507 
0.004573 
0.006451 
0.006328 
0.005475 
0.007110 
0.004882 
0.004467 
0.003698 
0.002720 
0.003246 
0.002376 
0.002544 
0.002380 
0.001939 
0.002609 
0.001859 
0.002961 
0.002531 
0.002789 
0.003088 
0.002489 
0.003027 
0.002142 
0.002979 
0.002562 
0.002152 
0.002593 
0.001867 
0.002340 
0.002955 
0.003194 
0.004472 
0.007155 
0.022156 
0.021635 
0.028436 
0.023348 
0.023686 
0.115106 
0.141485 
0.193248 
0.251895 
0.256815 
0.249706 
0.281744 
0.289219 
0.281087 
0.296383 
0.294899 
0.286254 
0.273592 
0.308360 
0.287000 
0.287318 
0.287035 
0.325365 
0.298400 
0.299617 
0.260419 
0.277962 
0.243523 
0.248512 
0.237073 
0.261972 
0.252011 
0.270794 
0.263843 
0.245862 
0.223399 
0.213000 
0.228955 
0.208663 
0.223403 
0.198129 
0.217740 
0.183887 
0.214238 
0.170091 
0.211836 
0.173236 
0.191574 
0.187659 
0.193681 
0.222592 
0.188704 
0.238454 
0.188060 
0.197602 
0.177091 
0.198768 
0.189082 
0.165674 
0.221001 
0.190349 
0.222340 
0.227645 
0.206682 
0.241244 
0.220821 
0.225486 
0.248892 
0.216540 
0.214916 
0.207691 
0.213046 
0.196864 
0.224705 
0.210062 
0.198253 
0.216303 
0.201805 
0.197926 
0.191802 
0.196570 
0.210461 
0.193252 
0.217188 
0.215285 
0.208659 
0.214246 
0.196525 
0.239550 
0.231722 
0.209407 
0.220155 
0.199815 
0.234444 
0.214170 
0.193474 
0.213697 
0.185019 
0.205477 
0.199726 
0.196358 
0.231525 
0.215008 
0.245626 
0.224310 
0.225032 
0.270939 
0.219183 
0.264316 
0.247397 
0.229643 
0.284766 
0.227613 
0.264791 
0.249409 
0.233341 
0.270145 
0.226865 
0.267704 
0.246515 
0.222161 
0.239566 
0.199912 
0.222199 
0.213083 
0.218893 
0.207816 
0.199028 
0.191094 
0.150340 
0.152095 
0.152791 
0.146368 
0.113616 
0.097653 
0.079601 
0.056430 
0.045709 
0.031908 
0.029066 
0.033015 
0.023598 
0.020327 
0.029218 
0.023993 
0.018850 
0.016979 
0.017241 
0.012981 
0.009293 
0.010201 
0.010577 
0.009024 
0.012144 
0.013618 
0.011970 
0.012840 
0.010772 
0.009380 
0.011368 
0.008210 
0.007504 
0.007796 
0.006742 
0.008609 
0.007388 
0.008007 
0.008383 
0.006218 
0.006653 
0.005147 
0.005267 
0.005381 
0.003644 
0.002939 
0.002158 
0.001554 
0.001132 
0.000819 
0.000594 
0.000431 
0.000312 
0.000226 
0.000164 
0.000119 
0.000086 
0.000063 
0.000045 
0.000033 
0.000024 
0.000017 
0.000013 
0.000009 
0.000007 
0.000005 
0.000003 
0.000003 
0.000002 
0.000001 
0.000001 
0.000001 
0.000001 
0.000000 
0.000002 
0.000015 
0.000078 
0.000123 
0.000182 
0.000428 
0.000298 
0.000467 
0.000589 
0.000405 
0.000504 
0.000399 
0.000365 
0.000300 
0.000322 
0.000286 
0.001163 
0.003634 
0.006343 
0.007231 
0.019004 
0.027501 
0.028174 
0.023806 
0.021275 
0.029215 
0.032416 
0.028301 
0.020446 
0.020653 
0.018830 
0.012320 
0.019321 
0.023254 
0.021903 
0.041373 
0.049171 
0.042629 
0.068865 
0.079386 
0.050714 
0.098019 
0.133592 
0.090452 
0.099362 
0.149959 
0.117496 
0.087657 
0.147483 
0.152725 
0.097584 
0.147296 
0.173373 
0.109112 
0.127535 
0.192121 
0.138011 
0.113328 
0.187033 
0.161668 
0.103460 
0.162432 
0.195890 
0.124393 
0.136534 
0.200733 
0.151659 
0.110324 
0.189111 
0.191375 
0.117581 
0.155617 
0.214004 
0.147545 
0.113692 
0.190624 
0.178297 
0.109266 
0.139279 
0.220042 
0.162587 
0.113274 
0.179131 
0.186320 
0.117535 
0.116869 
0.176383 
0.136384 
0.087334 
0.140973 
0.170001 
0.109595 
0.093544 
0.171228 
0.152881 
0.097471 
0.108195 
0.157464 
0.117427 
0.076280 
0.120134 
0.155530 
0.105663 
0.076054 
0.129962 
0.139406 
0.091910 
0.073451 
0.124425 
0.115208 
0.075436 
0.067434 
0.110024 
0.092577 
0.061521 
0.057163 
0.110089 
0.095188 
0.063987 
0.054374 
0.104671 
0.097758 
0.065800 
0.052056 
0.093027 
0.090371 
0.062420 
0.043672 
0.076849 
0.083079 
0.056393 
0.039508 
0.042178 
0.060908 
0.043120 
0.031918 
0.022212 
0.020299 
0.022238 
0.015495 
0.011554 
0.008174 
0.006684 
0.029581 
0.031379 
0.021047 
0.015104 
0.014963 
0.020225 
0.014590 
0.010595 
0.007777 
0.005420 
0.004824 
0.006093 
0.003660 
0.008167 
0.011507 
0.007556 
0.005954 
0.006915 
0.005651 
0.003871 
0.006279 
0.006026 
0.003690 
0.004378 
0.006914 
0.005089 
0.003446 
0.003647 
0.005243 
0.003781 
0.002760 
0.001985 
0.002987 
0.002816 
0.001890 
0.001441 
0.001513 
0.001247 
0.000870 
0.000653 
0.000501 
0.000277 
0.001258 
0.001750 
0.001157 
0.000872 
0.000650 
0.000930 
0.000771 
0.000750 
0.000698 
0.000481 
0.000335 
0.000419 
0.000459 
0.000312 
0.000217 
0.000236 
0.000281 
0.000369 
0.000432 
0.000287 
0.000228 
0.000289 
0.000256 
0.000175 
0.000131 
0.000093 
0.000068 
0.000049 
0.000036 
0.000026 
0.000018 
0.000028 
0.000088 
0.000134 
0.000144 
0.000144 
0.000132 
0.000059 
0.000373 
0.001069 
0.003057 
0.012990 
0.031077 
0.050275 
0.060805 
0.050011 
0.036238 
0.036172 
0.038179 
0.019854 
0.052019 
0.106067 
0.073793 
0.058202 
0.111411 
0.105843 
0.073173 
0.051253 
0.128858 
0.140495 
0.095451 
0.063390 
0.102218 
0.145314 
0.100777 
0.069378 
0.074792 
0.151234 
0.118989 
0.087438 
0.059635 
0.119835 
0.143078 
0.112239 
0.108833 
0.078914 
0.125190 
0.103363 
0.094911 
0.081296 
0.084085 
0.132715 
0.100337 
0.088123 
0.069371 
0.087252 
0.111513 
0.077774 
0.064640 
0.041710 
0.082476 
0.097031 
0.063783 
0.049446 
0.032223 
0.063461 
0.067102 
0.043996 
0.033525 
0.026608 
0.018339 
0.036351 
0.038486 
0.026058 
0.017643 
0.022141 
0.046018 
0.035338 
0.025462 
0.017853 
0.016499 
0.022660 
0.016745 
0.012072 
0.008796 
0.006404 
0.006467 
0.005270 
0.003458 
0.003980 
0.004326 
0.003073 
0.001936 
0.002936 
0.008737 
0.007180 
0.005005 
0.003671 
0.003239 
0.002552 
0.002416 
0.003020 
0.002314 
0.003086 
0.002397 
0.002084 
0.001448 
0.002956 
0.003893 
0.002549 
0.001940 
0.001385 
0.002081 
0.001852 
0.001249 
0.001459 
0.001271 
0.001375 
0.008909 
0.011028 
0.014143 
0.017677 
0.011719 
0.021524 
0.036764 
0.044503 
0.039438 
0.039914 
0.040069 
0.042711 
0.091487 
0.103942 
0.088090 
0.055211 
0.072730 
0.116963 
0.096324 
0.073614 
0.051224 
0.075906 
0.087380 
0.065564 
0.046042 
0.042501 
0.072118 
0.071220 
0.052572 
0.040657 
0.070464 
0.097141 
0.082502 
0.058467 
0.065126 
0.083608 
0.078522 
0.059192 
0.050789 
0.065224 
0.073707 
0.059622 
0.062738 
0.081347 
0.078098 
0.060131 
0.063121 
0.100822 
0.109168 
0.077253 
0.072546 
0.110961 
0.103071 
0.074446 
0.073905 
0.110659 
0.110911 
0.088313 
0.092305 
0.116421 
0.090874 
0.072977 
0.083481 
0.111159 
0.107643 
0.073783 
0.075167 
0.130186 
0.134428 
0.128094 
0.128437 
0.134373 
0.126250 
0.129449 
0.151986 
0.137208 
0.127407 
0.133785 
0.126359 
0.117362 
0.129822 
0.108894 
0.081828 
0.108304 
0.122970 
0.092392 
0.097496 
0.170011 
0.151098 
0.115545 
0.147148 
0.153263 
0.110698 
0.136865 
0.177255 
0.127325 
0.131437 
0.164000 
0.114357 
0.112505 
0.145390 
0.106049 
0.089349 
0.123338 
0.100883 
0.077980 
0.111525 
0.095280 
0.065852 
0.100404 
0.096210 
0.061403 
0.081476 
0.080049 
0.050510 
0.070424 
0.073975 
0.045803 
0.072795 
0.084148 
0.054261 
0.084023 
0.087527 
0.059048 
0.085982 
0.077396 
0.058667 
0.079258 
0.058057 
0.065704 
0.075304 
0.049395 
0.082270 
0.076289 
0.063691 
0.095350 
0.065357 
0.082046 
0.094841 
0.065966 
0.100693 
0.081446 
0.076584 
0.094163 
0.064893 
0.084413 
0.068318 
0.069910 
0.082975 
0.061516 
0.088979 
0.066115 
0.077348 
0.079513 
0.064971 
0.086026 
0.060685 
0.081888 
0.069058 
0.066996 
0.075926 
0.056977 
0.073067 
0.052949 
0.062419 
0.059413 
0.044748 
0.055206 
0.039059 
0.050279 
0.044069 
0.042483 
0.050730 
0.037786 
0.047826 
0.034668 
0.036299 
0.032691 
0.027035 
0.027413 
0.019878 
0.019118 
0.014553 
0.017754 
0.016803 
0.013070 
0.033698 
0.079119 
0.061911 
0.074493 
0.108668 
0.144635 
0.227698 
0.256657 
0.238574 
0.247836 
0.274806 
0.268010 
0.237777 
0.194849 
0.194653 
0.190929 
0.200545 
0.206852 
0.223615 
0.225369 
0.222114 
0.204656 
0.213487 
0.209847 
0.209760 
0.195911 
0.200778 
0.197743 
0.215217 
0.202755 
0.197347 
0.181070 
0.182651 
0.171546 
0.168742 
0.162467 
0.165283 
0.163611 
0.168764 
0.169444 
0.191548 
0.189847 
0.181070 
0.186769 
0.192936 
0.216085 
0.215279 
0.217130 
0.220468 
0.222367 
0.216953 
0.215567 
0.222979 
0.212301 
0.235375 
0.230897 
0.211199 
0.203886 
0.195948 
0.187589 
0.183423 
0.194843 
0.174470 
0.167401 
0.178060 
0.181565 
0.162213 
0.166310 
0.151584 
0.149258 
0.128131 
0.133657 
0.130883 
0.123516 
0.115534 
0.112305 
0.119314 
0.116935 
0.129276 
0.123618 
0.123488 
0.131156 
0.139663 
0.141183 
0.138505 
0.137543 
0.134667 
0.147946 
0.151048 
0.154811 
0.176252 
0.187589 
0.184170 
0.195387 
0.192845 
0.198985 
0.205776 
0.204525 
0.206215 
0.213940 
0.208811 
0.215877 
0.213912 
0.214335 
0.205989 
0.220029 
0.197143 
0.209325 
0.188116 
0.193464 
0.191966 
0.209430 
0.170597 
0.194328 
0.174907 
0.204255 
0.182686 
0.203496 
0.182173 
0.205450 
0.201181 
0.216366 
0.215590 
0.216453 
0.223280 
0.200577 
0.232368 
0.203266 
0.233751 
0.254414 
0.246194 
0.287294 
0.297483 
0.296372 
0.277948 
0.260779 
0.259932 
0.265948 
0.237828 
0.260698 
0.238677 
0.254936 
0.241722 
0.245420 
0.241410 
0.221082 
0.227006 
0.217615 
0.224004 
0.224642 
0.217361 
0.211954 
0.227300 
0.197929 
0.172829 
0.169611 
0.167233 
0.165605 
0.175407 
0.155441 
0.167772 
0.184267 
0.178998 
0.169155 
0.155392 
0.144110 
0.135005 
0.118874 
0.089797 
0.065960 
0.047672 
0.034666 
0.025323 
0.019871 
0.021355 
0.016906 
0.012984 
0.014097 
0.013628 
0.015445 
0.012407 
0.010871 
0.012069 
0.011219 
0.011474 
0.012116 
0.011171 
0.010361 
0.007441 
0.006501 
0.007154 
0.007267 
0.006471 
0.006519 
0.007915 
0.006682 
0.006294 
0.005521 
0.005494 
0.006914 
0.005653 
0.005346 
0.006897 
0.005424 
0.005551 
0.004069 
0.003134 
0.002542 
0.003034 
0.003494 
0.003598 
0.003300 
0.002788 
0.002423 
0.002082 
0.001944 
0.001936 
0.001800 
0.001940 
0.002357 
0.001844 
0.002033 
0.001442 
0.002066 
0.002216 
0.002771 
0.002589 
0.002149 
0.001946 
0.001530 
0.001098 
0.001998 
0.001993 
0.002185 
0.001950 
0.001408 
0.001144 
0.000924 
0.001065 
0.000929 
0.000684 
0.000724 
0.000716 
0.000790 
0.000917 
0.001072 
0.001170 
0.000951 
0.000846 
0.000692 
0.000574 
0.000780 
0.000730 
0.000967 
0.000773 
0.000530 
0.000478 
0.000675 
0.000729 
0.001011 
0.000948 
0.000907 
0.000718 
0.000771 
0.000978 
0.002005 
0.004140 
0.010691 
0.020776 
0.023276 
0.026327 
0.030114 
0.034893 
0.034485 
0.041107 
0.095683 
0.110460 
0.131760 
0.141351 
0.151608 
0.160687 
0.183270 
0.182948 
0.191854 
0.179427 
0.183307 
0.175720 
0.179963 
0.176685 
0.190612 
0.197094 
0.206318 
0.207251 
0.214924 
0.219106 
0.221007 
0.210040 
0.220568 
0.211532 
0.227414 
0.218187 
0.237936 
0.213980 
0.225179 
0.211848 
0.214279 
0.212283 
0.225315 
0.224854 
0.227941 
0.220208 
0.218300 
0.212236 
0.190053 
0.194105 
0.183312 
0.196619 
0.183504 
0.192799 
0.203368 
0.211803 
0.203353 
0.211359 
0.185795 
0.199355 
0.198619 
0.209297 
0.191957 
0.211068 
0.214812 
0.208341 
0.200370 
0.197192 
0.191505 
0.193794 
0.191827 
0.185120 
0.186381 
0.185449 
0.192669 
0.186670 
0.187807 
0.187696 
0.192334 
0.178172 
0.150489 
0.135118 
0.105785 
0.085180 
0.067171 
0.049583 
0.048453 
0.040099 
0.041955 
0.036629 
0.036307 
0.042853 
0.034002 
0.041902 
0.037007 
0.043957 
0.044720 
0.051657 
0.045996 
0.064508 
0.056842 
0.071335 
0.066178 
0.079798 
0.099493 
0.108141 
0.143779 
0.167054 
0.172056 
0.169151 
0.193399 
0.177760 
0.186625 
0.180041 
0.196066 
0.194608 
0.205495 
0.190727 
0.189912 
0.188318 
0.174483 
0.196274 
0.190664 
0.195967 
0.203452 
0.207885 
0.205063 
0.203737 
0.206162 
0.204966 
0.215840 
0.213011 
0.198971 
0.201328 
0.194339 
0.203358 
0.204424 
0.195938 
0.191476 
0.201612 
0.192793 
0.197851 
0.192096 
0.190911 
0.187978 
0.180132 
0.183552 
0.180810 
0.180348 
0.170410 
0.163739 
0.152718 
0.152815 
0.158605 
0.164765 
0.166142 
0.155753 
0.157085 
0.153001 
0.153764 
0.163714 
0.156131 
0.151075 
0.142634 
0.142466 
0.142211 
0.147730 
0.152120 
0.156510 
0.155015 
0.148899 
0.152959 
0.148880 
0.156463 
0.147893 
0.148004 
0.150208 
0.149249 
0.148699 
0.145285 
0.141662 
0.135327 
0.135704 
0.128302 
0.128180 
0.130287 
0.131814 
0.130440 
0.125550 
0.125645 
0.123424 
0.121002 
0.110592 
0.103458 
0.097064 
0.085958 
0.076301 
0.061592 
0.049199 
0.038890 
0.033920 
0.034252 
0.032148 
0.031067 
0.028847 
0.030740 
0.030111 
0.028757 
0.028508 
0.027670 
0.028144 
0.024371 
0.026640 
0.025948 
0.029402 
0.028075 
0.031052 
0.027913 
0.028750 
0.027232 
0.028457 
0.028431 
0.026052 
0.027282 
0.028896 
0.028696 
0.026312 
0.029588 
0.026344 
0.031901 
0.029406 
0.033351 
0.029730 
0.034567 
0.030151 
0.036182 
0.031942 
0.037717 
0.032577 
0.038674 
0.033226 
0.038367 
0.030884 
0.034521 
0.028109 
0.028005 
0.023090 
0.027095 
0.023382 
0.026164 
0.021599 
0.025572 
0.023128 
0.025637 
0.025948 
0.024460 
0.028651 
0.021050 
0.020889 
0.016801 
0.021300 
0.016053 
0.018172 
0.015874 
0.011577 
0.008386 
0.008185 
0.018032 
0.014195 
0.010446 
0.007410 
0.006996 
0.007784 
0.006868 
0.008871 
0.005418 
0.008778 
0.012053 
0.021683 
0.031555 
0.036113 
0.047674 
0.088831 
0.160066 
0.198245 
0.224330 
0.229468 
0.241208 
0.217721 
0.243376 
0.253030 
0.285229 
0.265905 
0.260923 
0.264454 
0.276455 
0.336604 
0.313862 
0.331456 
0.317771 
0.274884 
0.305184 
0.256769 
0.268359 
0.294209 
0.252567 
0.220965 
0.272915 
0.261566 
0.220215 
0.200144 
0.199112 
0.220578 
0.214550 
0.207965 
0.227098 
0.212393 
0.207706 
0.214143 
0.192133 
0.222743 
0.231056 
0.214557 
0.233900 
0.223011 
0.210356 
0.224783 
0.214604 
0.219925 
0.227811 
0.208623 
0.217162 
0.216274 
0.211390 
0.227781 
0.222971 
0.209144 
0.210534 
0.208763 
0.208842 
0.209436 
0.207806 
0.201740 
0.200038 
0.201277 
0.197199 
0.215647 
0.220062 
0.205582 
0.211536 
0.205197 
0.205495 
0.227661 
0.201349 
0.221158 
0.231075 
0.213312 
0.229634 
0.213133 
0.217330 
0.242685 
0.226802 
0.234763 
0.235888 
0.227188 
0.234533 
0.231844 
0.227970 
0.234661 
0.222712 
0.233142 
0.235030 
0.219124 
0.218170 
0.206268 
0.219177 
0.215415 
0.203093 
0.214851 
0.209531 
0.223213 
0.226676 
0.222747 
0.229136 
0.216275 
0.212110 
0.218333 
0.198073 
0.201162 
0.191577 
0.194720 
0.199574 
0.193621 
0.215099 
0.195141 
0.205700 
0.187820 
0.189284 
0.194073 
0.190819 
0.230510 
0.209989 
0.225377 
0.218609 
0.206500 
0.215158 
0.196834 
0.209809 
0.197622 
0.202114 
0.209592 
0.203728 
0.213899 
0.213098 
0.210520 
0.203770 
0.196640 
0.195363 
0.205184 
0.202334 
0.197289 
0.201251 
0.199783 
0.236449 
0.211634 
0.230232 
0.208554 
0.235528 
0.228347 
0.236070 
0.233008 
0.221481 
0.225330 
0.225835 
0.233797 
0.228269 
0.252982 
0.223534 
0.278676 
0.229682 
0.271369 
0.219766 
0.265932 
0.218128 
0.270545 
0.226716 
0.263259 
0.232114 
0.266768 
0.231201 
0.265108 
0.233784 
0.262118 
0.235052 
0.265603 
0.238646 
0.276404 
0.247354 
0.278810 
0.238883 
0.274843 
0.240711 
0.258282 
0.238794 
0.269687 
0.233804 
0.255866 
0.236659 
0.247300 
0.231634 
0.241263 
0.237656 
0.235726 
0.237323 
0.228988 
0.248528 
0.233931 
0.233320 
0.215810 
0.224929 
0.215154 
0.211041 
0.213279 
0.205326 
0.209552 
0.196071 
0.204865 
0.202663 
0.211927 
0.204265 
0.203072 
0.188885 
0.193904 
0.185572 
0.174227 
0.174592 
0.159967 
0.151956 
0.159953 
0.162958 
0.161848 
0.152808 
0.157839 
0.150731 
0.135282 
0.138641 
0.136831 
0.137548 
0.133450 
0.139427 
0.131955 
0.138572 
0.138949 
0.141444 
0.138165 
0.122307 
0.104182 
0.085722 
0.084152 
0.065184 
0.055421 
0.054318 
0.049243 
0.069982 
0.060273 
0.051406 
0.045400 
0.073192 
0.114482 
0.102075 
0.083922 
0.076085 
0.086969 
0.080569 
0.066134 
0.062868 
0.048363 
0.043744 
0.034874 
0.031181 
0.046429 
0.044060 
0.043833 
0.050052 
0.039498 
0.030359 
0.023520 
0.033423 
0.033668 
0.031542 
0.024324 
0.018756 
0.019445 
0.024866 
0.037227 
0.035891 
0.028208 
0.024953 
0.021393 
0.020268 
0.020230 
0.016637 
0.019832 
0.017997 
0.018725 
0.016390 
0.015233 
0.014897 
0.013672 
0.012185 
0.009168 
0.007949 
0.008848 
0.008652 
0.010985 
0.009396 
0.008588 
0.007055 
0.005395 
0.006123 
0.006736 
0.005693 
0.005530 
0.004350 
0.005266 
0.005263 
0.004449 
0.004268 
0.004516 
0.004280 
0.003282 
0.002867 
0.002535 
0.002652 
0.002613 
0.002634 
0.002400 
0.002018 
0.001731 
0.001462 
0.001310 
0.001540 
0.001504 
0.001189 
0.001226 
0.001228 
0.001043 
0.001102 
0.001012 
0.000997 
0.000875 
0.000831 
0.000837 
0.000787 
0.000663 
0.000744 
0.000803 
0.000655 
0.000602 
0.000650 
0.000570 
0.000463 
0.000371 
0.000295 
0.000227 
0.000182 
0.000154 
0.000128 
0.000179 
0.000144 
0.000110 
0.000096 
0.000099 
0.000114 
0.000116 
0.000087 
0.000064 
0.000070 
0.000077 
0.000090 
0.000098 
0.000070 
0.000056 
0.000057 
0.000056 
0.000050 
0.000051 
0.000052 
0.000039 
0.000033 
0.000030 
0.000023 
0.000018 
0.000014 
0.000010 
0.000008 
0.000008 
0.000009 
0.000006 
0.000005 
0.000003 
0.000006 
0.000022 
0.000028 
0.000029 
0.000024 
0.000016 
0.000015 
0.000028 
0.000024 
0.000017 
0.000013 
0.000009 
0.000007 
0.000005 
0.000003 
0.000003 
0.000002 
0.000001 
0.000001 
0.000001 
0.000001 
0.000000 
0.000000 
