[ASCII 1000Hz, Channels: 1, Samples: 2952, Flags: 0]                          
0.000000 
0.000000 
0.000000 
0.000000 
0.000000 
0.000000 
0.000000 
0.000000 
0.000000 
0.000000 
0.000000 
0.000000 
0.000000 
0.000000 
0.000000 
0.000000 
0.000000 
0.000000 
0.000000 
0.000000 
0.000000 
0.000000 
0.000000 
0.000000 
0.000000 
0.000000 
0.000000 
0.000000 
0.000000 
0.000000 
0.000000 
0.000000 
0.000000 
0.000000 
0.000000 
0.000000 
0.000000 
0.000000 
0.000000 
0.000000 
0.000000 
0.000000 
0.000000 
0.000000 
0.000000 
0.000000 
0.000000 
0.000000 
0.000000 
0.000000 
0.000000 
0.000000 
0.000000 
0.000000 
0.000000 
0.000000 
0.000000 
0.000000 
0.000000 
0.000000 
0.000000 
0.000000 
0.000000 
0.000000 
0.000000 
-0.000000 
-0.000000 
0.000000 
-0.000000 
0.000000 
-0.000000 
0.000003 
0.000003 
0.000010 
0.000001 
0.000049 
0.000277 
0.000665 
0.001264 
0.003022 
0.002384 
0.009368 
0.014524 
0.010777 
0.008189 
0.006064 
0.004738 
0.003756 
0.015600 
0.024896 
0.022642 
0.017604 
0.014400 
0.016984 
0.022709 
0.016403 
0.017229 
0.027719 
0.022871 
0.039929 
0.046387 
0.036627 
0.030378 
0.032286 
0.028651 
0.029052 
0.054245 
0.060719 
0.042136 
0.042001 
0.051083 
0.052163 
0.048530 
0.049924 
0.044057 
0.077797 
0.090177 
0.083161 
0.095558 
0.101663 
0.113787 
0.099269 
0.091351 
0.096437 
0.091382 
0.116847 
0.141876 
0.142757 
0.176098 
0.189637 
0.154784 
0.134774 
0.122856 
0.110337 
0.150671 
0.163121 
0.157033 
0.131248 
0.139734 
0.161767 
0.152509 
0.166084 
0.187710 
0.190698 
0.197216 
0.186594 
0.187548 
0.192865 
0.200624 
0.218028 
0.258937 
0.260857 
0.259584 
0.280031 
0.283611 
0.287064 
0.281775 
0.289075 
0.291785 
0.290288 
0.290473 
0.290855 
0.292762 
0.288115 
0.293510 
0.312127 
0.323445 
0.325161 
0.326576 
0.325794 
0.330652 
0.341211 
0.346129 
0.337709 
0.347208 
0.343168 
0.331840 
0.334321 
0.342298 
0.364173 
0.369188 
0.344894 
0.325658 
0.323103 
0.327532 
0.321666 
0.283810 
0.258679 
0.217735 
0.205788 
0.190688 
0.187004 
0.174225 
0.186492 
0.179691 
0.167458 
0.179309 
0.175377 
0.189837 
0.223931 
0.246538 
0.264420 
0.274701 
0.295291 
0.307761 
0.297562 
0.302712 
0.305815 
0.289233 
0.269550 
0.254019 
0.245816 
0.247370 
0.243728 
0.236682 
0.242520 
0.241083 
0.239893 
0.231592 
0.227292 
0.228077 
0.223347 
0.233865 
0.231557 
0.233777 
0.236907 
0.236091 
0.242119 
0.243203 
0.243670 
0.242613 
0.244176 
0.253985 
0.254302 
0.257523 
0.262204 
0.257605 
0.262171 
0.255050 
0.247344 
0.248497 
0.244080 
0.252285 
0.252479 
0.252828 
0.253168 
0.250936 
0.252408 
0.248246 
0.247684 
0.247487 
0.244255 
0.256845 
0.256701 
0.247241 
0.252493 
0.245180 
0.261288 
0.252549 
0.240834 
0.254485 
0.253194 
0.257460 
0.256788 
0.259362 
0.270289 
0.269408 
0.269346 
0.266832 
0.262340 
0.264733 
0.262162 
0.258322 
0.267403 
0.266279 
0.263700 
0.267110 
0.267760 
0.261575 
0.262016 
0.270461 
0.270226 
0.277838 
0.277107 
0.276958 
0.280842 
0.268097 
0.269946 
0.262637 
0.260565 
0.261842 
0.262847 
0.270859 
0.279218 
0.282027 
0.274766 
0.262905 
0.264505 
0.269867 
0.271543 
0.272191 
0.264412 
0.283316 
0.280834 
0.288770 
0.289202 
0.275435 
0.275786 
0.273466 
0.268329 
0.273084 
0.272203 
0.272657 
0.266007 
0.266093 
0.275492 
0.273016 
0.277958 
0.270134 
0.272750 
0.276282 
0.260402 
0.269129 
0.263688 
0.264545 
0.268850 
0.266798 
0.277299 
0.270097 
0.282802 
0.279123 
0.276032 
0.275528 
0.263890 
0.265435 
0.270517 
0.276093 
0.267713 
0.274277 
0.283138 
0.270700 
0.271025 
0.268159 
0.259620 
0.276773 
0.274537 
0.284265 
0.281867 
0.270421 
0.265953 
0.269731 
0.272792 
0.265759 
0.282090 
0.276827 
0.265949 
0.265505 
0.260888 
0.269135 
0.276096 
0.277653 
0.260855 
0.251844 
0.265675 
0.266632 
0.268329 
0.259965 
0.256722 
0.260375 
0.260525 
0.269523 
0.260271 
0.259065 
0.261700 
0.260902 
0.269926 
0.261225 
0.269479 
0.259614 
0.254174 
0.260850 
0.261447 
0.259503 
0.259829 
0.260455 
0.255701 
0.258129 
0.256718 
0.260588 
0.270121 
0.246606 
0.251309 
0.261833 
0.259585 
0.264183 
0.250534 
0.255140 
0.244863 
0.247078 
0.250516 
0.242468 
0.250492 
0.249790 
0.253400 
0.257595 
0.265352 
0.267830 
0.253332 
0.264369 
0.247925 
0.248424 
0.253988 
0.256588 
0.252793 
0.248768 
0.255188 
0.253285 
0.248616 
0.248059 
0.251288 
0.251536 
0.235191 
0.241294 
0.250806 
0.255256 
0.237634 
0.243846 
0.257963 
0.239643 
0.233317 
0.242448 
0.252635 
0.244308 
0.236995 
0.248380 
0.243227 
0.240518 
0.240298 
0.243534 
0.242643 
0.244774 
0.249036 
0.237742 
0.250123 
0.243346 
0.246023 
0.245097 
0.242859 
0.253967 
0.247815 
0.247762 
0.244475 
0.238363 
0.240473 
0.234559 
0.242394 
0.235223 
0.237434 
0.239072 
0.247364 
0.255295 
0.254919 
0.252027 
0.243211 
0.249399 
0.242348 
0.240463 
0.246589 
0.237152 
0.243630 
0.244186 
0.247666 
0.234605 
0.235928 
0.253240 
0.234690 
0.235660 
0.241940 
0.248763 
0.239402 
0.221099 
0.231361 
0.231563 
0.245762 
0.244992 
0.243716 
0.243176 
0.243196 
0.254367 
0.240510 
0.243031 
0.243309 
0.247916 
0.242938 
0.238400 
0.238437 
0.229100 
0.233009 
0.224380 
0.241327 
0.225392 
0.225805 
0.248917 
0.247248 
0.238288 
0.227712 
0.237294 
0.243273 
0.241975 
0.244229 
0.243862 
0.247466 
0.235866 
0.244163 
0.245043 
0.246804 
0.242465 
0.232623 
0.251799 
0.247653 
0.236647 
0.233486 
0.227934 
0.241121 
0.239093 
0.234005 
0.230968 
0.237896 
0.236143 
0.237741 
0.236743 
0.239212 
0.246328 
0.227378 
0.232207 
0.235964 
0.238265 
0.234918 
0.238338 
0.243768 
0.239997 
0.239048 
0.221626 
0.231501 
0.241889 
0.236040 
0.221589 
0.222395 
0.236747 
0.227655 
0.226780 
0.226516 
0.233554 
0.246067 
0.240568 
0.243415 
0.245867 
0.241339 
0.235757 
0.244099 
0.245326 
0.235885 
0.244900 
0.231972 
0.232380 
0.248501 
0.254032 
0.233175 
0.235385 
0.244583 
0.238345 
0.239316 
0.244613 
0.248836 
0.225671 
0.224127 
0.237257 
0.235908 
0.226258 
0.231367 
0.249366 
0.229977 
0.223840 
0.229139 
0.235414 
0.246108 
0.243386 
0.250026 
0.237089 
0.228520 
0.244742 
0.255384 
0.238288 
0.225353 
0.228450 
0.238068 
0.241589 
0.240225 
0.243851 
0.252313 
0.235087 
0.232887 
0.229567 
0.247249 
0.248420 
0.233769 
0.245142 
0.247206 
0.248212 
0.245279 
0.249670 
0.238286 
0.226875 
0.207635 
0.215503 
0.223854 
0.227583 
0.229200 
0.238992 
0.257479 
0.244198 
0.237561 
0.235440 
0.233802 
0.239586 
0.232064 
0.224872 
0.227161 
0.242515 
0.235015 
0.233547 
0.229205 
0.228545 
0.233813 
0.229693 
0.236361 
0.234147 
0.230671 
0.236196 
0.237032 
0.231096 
0.231090 
0.235054 
0.235604 
0.228412 
0.231019 
0.226239 
0.225422 
0.226699 
0.227872 
0.229337 
0.243820 
0.248410 
0.231116 
0.224384 
0.227487 
0.232115 
0.234244 
0.231051 
0.226522 
0.225172 
0.236446 
0.222027 
0.210022 
0.215434 
0.218420 
0.216881 
0.215103 
0.211611 
0.216880 
0.217946 
0.217448 
0.212612 
0.198782 
0.204354 
0.212921 
0.207914 
0.203837 
0.195005 
0.194121 
0.204724 
0.204711 
0.206642 
0.204245 
0.202860 
0.204147 
0.208511 
0.212662 
0.205106 
0.209749 
0.205557 
0.204509 
0.191730 
0.191643 
0.203036 
0.200232 
0.198649 
0.199200 
0.189676 
0.186954 
0.177974 
0.168984 
0.165290 
0.170527 
0.170270 
0.158569 
0.152846 
0.152129 
0.150895 
0.149085 
0.149943 
0.149341 
0.150942 
0.150848 
0.149103 
0.148564 
0.146504 
0.150388 
0.150556 
0.154456 
0.167939 
0.185294 
0.192658 
0.198209 
0.215225 
0.219051 
0.222170 
0.226962 
0.226204 
0.212054 
0.211486 
0.225741 
0.237858 
0.241935 
0.249018 
0.259075 
0.266498 
0.256344 
0.234462 
0.229453 
0.223071 
0.223644 
0.236508 
0.236717 
0.237239 
0.234966 
0.231587 
0.235648 
0.233930 
0.221340 
0.208736 
0.197709 
0.184387 
0.176254 
0.170065 
0.171856 
0.177968 
0.174928 
0.177634 
0.184214 
0.184804 
0.185209 
0.181122 
0.177565 
0.183303 
0.184566 
0.190550 
0.191695 
0.194266 
0.192779 
0.196669 
0.195729 
0.196253 
0.201967 
0.203693 
0.208061 
0.217361 
0.209408 
0.204792 
0.192954 
0.175690 
0.162039 
0.147685 
0.134301 
0.111706 
0.099641 
0.095659 
0.089334 
0.083211 
0.077547 
0.073190 
0.065449 
0.053670 
0.039695 
0.027986 
0.031067 
0.029445 
0.025448 
0.025433 
0.025167 
0.022607 
0.020324 
0.022079 
0.018747 
0.016411 
0.014764 
0.012530 
0.013716 
0.016337 
0.016931 
0.013450 
0.014652 
0.017339 
0.012826 
0.016155 
0.019693 
0.017225 
0.016605 
0.012730 
0.010049 
0.009070 
0.006938 
0.006599 
0.006810 
0.007143 
0.005732 
0.005506 
0.006608 
0.005963 
0.004807 
0.003908 
0.002994 
0.002463 
0.002321 
0.002128 
0.001575 
0.001130 
0.000834 
0.000576 
0.000564 
0.001038 
0.001021 
0.000756 
0.000624 
0.000597 
0.000500 
0.000369 
0.000591 
0.000777 
0.001163 
0.001734 
0.001557 
0.001121 
0.000838 
0.000604 
0.000439 
0.000317 
0.000231 
0.000180 
0.000145 
0.000683 
0.000972 
0.001215 
0.003152 
0.005185 
0.005749 
0.004536 
0.003903 
0.003958 
0.003843 
0.004200 
0.004307 
0.003905 
0.005270 
0.004771 
0.003703 
0.003293 
0.003129 
0.004247 
0.004840 
0.004582 
0.004193 
0.003891 
0.004641 
0.006275 
0.006622 
0.007027 
0.005615 
0.004689 
0.004948 
0.003678 
0.003879 
0.006647 
0.006412 
0.005440 
0.003870 
0.003407 
0.003765 
0.004701 
0.005960 
0.005783 
0.004874 
0.006461 
0.006623 
0.004791 
0.004051 
0.002765 
0.004854 
0.005005 
0.003611 
0.003845 
0.003372 
0.002513 
0.003756 
0.003565 
0.002715 
0.002894 
0.002581 
0.002966 
0.003929 
0.003013 
0.002653 
0.002387 
0.001798 
0.001974 
0.001886 
0.001570 
0.001459 
0.001514 
0.002184 
0.001676 
0.001612 
0.001836 
0.001230 
0.001125 
0.001284 
0.001272 
0.001496 
0.001276 
0.001369 
0.001332 
0.001227 
0.000989 
0.000764 
0.000721 
0.000622 
0.000625 
0.000929 
0.000974 
0.000788 
0.000539 
0.000634 
0.000919 
0.000727 
0.000528 
0.000383 
0.000349 
0.000411 
0.000594 
0.000471 
0.000335 
0.000250 
0.000166 
0.000189 
0.000231 
0.000147 
0.000148 
0.000153 
0.000146 
0.000156 
0.000116 
0.000188 
0.000343 
0.000441 
0.000484 
0.000361 
0.000263 
0.000209 
0.000195 
0.000225 
0.000171 
0.000121 
0.000089 
0.000064 
0.000059 
0.000049 
0.000036 
0.000027 
0.000018 
0.000031 
0.000031 
0.000046 
0.000046 
0.000029 
0.000055 
0.000143 
0.000143 
0.000142 
0.000128 
0.000108 
0.000082 
0.000059 
0.000043 
0.000031 
0.000022 
0.000018 
0.000017 
0.000047 
0.000087 
0.000081 
0.000059 
0.000043 
0.000029 
0.000044 
0.000062 
0.000063 
0.000083 
0.000063 
0.000052 
0.000043 
0.000031 
0.000038 
0.000030 
0.000024 
0.000022 
0.000016 
0.000012 
0.000008 
0.000006 
0.000004 
0.000004 
0.000003 
0.000035 
0.000131 
0.000132 
0.000100 
0.000088 
0.000061 
0.000045 
0.000032 
0.000023 
0.000017 
0.000012 
0.000009 
0.000007 
0.000003 
0.000009 
0.000020 
0.000033 
0.000083 
0.000133 
0.000156 
0.000152 
0.000128 
0.000113 
0.000116 
0.000096 
0.000068 
0.000059 
0.000048 
0.000033 
0.000025 
0.000018 
0.000013 
0.000009 
0.000007 
0.000005 
0.000004 
0.000001 
0.000018 
0.000047 
0.000034 
0.000038 
0.000047 
0.000038 
0.000027 
0.000020 
0.000014 
0.000011 
0.000011 
0.000008 
0.000021 
0.000033 
0.000026 
0.000019 
0.000014 
0.000010 
0.000007 
0.000005 
0.000004 
0.000003 
0.000012 
0.000041 
0.000059 
0.000055 
0.000048 
0.000035 
0.000025 
0.000018 
0.000013 
0.000010 
0.000007 
0.000005 
0.000004 
0.000003 
0.000002 
0.000002 
0.000003 
0.000002 
0.000002 
0.000001 
0.000001 
0.000001 
0.000000 
0.000000 
0.000000 
0.000000 
0.000000 
0.000000 
0.000000 
0.000000 
0.000000 
0.000000 
0.000000 
0.000000 
0.000000 
0.000000 
0.000000 
0.000000 
0.000000 
0.000000 
0.000000 
0.000000 
0.000000 
0.000000 
0.000000 
0.000000 
0.000000 
0.000000 
0.000000 
0.000000 
0.000000 
0.000000 
0.000000 
0.000000 
0.000000 
0.000000 
0.000000 
0.000000 
0.000000 
0.000000 
0.000000 
0.000000 
0.000000 
0.000000 
0.000000 
0.000000 
0.000000 
0.000000 
0.000000 
0.000000 
0.000000 
0.000000 
0.000000 
0.000000 
0.000000 
0.000000 
0.000000 
0.000000 
0.000000 
0.000000 
0.000000 
0.000000 
0.000000 
0.000000 
0.000000 
0.000000 
0.000000 
0.000000 
0.000000 
0.000000 
0.000000 
0.000000 
0.000000 
0.000000 
0.000000 
0.000000 
0.000000 
0.000000 
0.000000 
0.000000 
0.000000 
0.000000 
0.000000 
0.000000 
0.000000 
0.000000 
0.000000 
0.000000 
0.000000 
0.000000 
0.000000 
0.000000 
0.000000 
0.000000 
0.000000 
0.000000 
0.000000 
0.000000 
0.000000 
0.000000 
0.000000 
0.000000 
0.000000 
0.000000 
0.000000 
0.000000 
0.000000 
0.000000 
0.000000 
0.000000 
0.000000 
0.000000 
0.000000 
0.000000 
0.000000 
0.000000 
0.000000 
0.000000 
0.000000 
0.000000 
0.000000 
0.000000 
0.000000 
0.000000 
0.000000 
0.000000 
0.000000 
0.000000 
0.000000 
0.000000 
0.000000 
0.000000 
0.000000 
0.000000 
0.000000 
0.000000 
0.000000 
0.000000 
0.000000 
0.000000 
0.000000 
0.000000 
0.000000 
0.000000 
0.000000 
0.000000 
0.000000 
0.000000 
0.000000 
0.000000 
0.000000 
0.000000 
0.000000 
0.000000 
0.000000 
0.000000 
0.000000 
0.000000 
0.000000 
0.000000 
0.000000 
0.000000 
0.000000 
0.000000 
0.000000 
0.000000 
0.000000 
0.000000 
0.000000 
0.000000 
0.000000 
0.000000 
0.000000 
0.000000 
0.000000 
0.000000 
0.000000 
0.000000 
0.000000 
0.000000 
0.000000 
0.000000 
0.000000 
0.000000 
0.000000 
0.000000 
0.000000 
0.000000 
0.000000 
0.000000 
0.000000 
0.000000 
0.000000 
0.000000 
0.000000 
0.000000 
0.000000 
0.000000 
0.000000 
0.000000 
-0.000000 
0.000000 
0.000000 
-0.000000 
0.000000 
0.000000 
0.000003 
0.000022 
0.000002 
0.000133 
0.000303 
0.000427 
-0.000387 
0.006717 
0.009296 
0.032813 
0.091787 
0.089644 
0.058599 
0.055872 
0.098967 
0.098810 
0.213695 
0.216891 
0.198384 
0.196573 
0.279749 
0.261478 
0.267291 
0.257450 
0.277251 
0.285946 
0.279889 
0.311279 
0.304030 
0.308625 
0.305295 
0.300941 
0.322611 
0.306839 
0.290312 
0.300416 
0.295991 
0.285588 
0.274486 
0.278257 
0.276419 
0.273590 
0.275789 
0.264655 
0.290158 
0.278413 
0.293475 
0.278278 
0.274245 
0.273771 
0.266175 
0.271123 
0.269802 
0.275312 
0.271970 
0.282427 
0.274653 
0.272931 
0.301160 
0.292766 
0.300441 
0.294780 
0.304134 
0.299074 
0.293792 
0.290622 
0.268006 
0.271114 
0.264519 
0.276698 
0.263500 
0.264129 
0.260360 
0.249341 
0.254740 
0.244089 
0.246446 
0.225653 
0.237293 
0.214019 
0.214181 
0.209437 
0.246588 
0.206506 
0.201590 
0.193635 
0.184803 
0.195180 
0.214132 
0.200965 
0.180276 
0.190710 
0.188076 
0.217260 
0.208671 
0.240034 
0.223518 
0.239091 
0.217127 
0.228875 
0.206942 
0.244192 
0.214751 
0.239028 
0.208977 
0.236922 
0.212973 
0.228306 
0.192982 
0.202438 
0.185590 
0.178268 
0.149849 
0.174409 
0.157105 
0.152252 
0.136075 
0.141490 
0.135000 
0.133047 
0.149870 
0.130324 
0.145242 
0.114527 
0.106003 
0.083581 
0.094846 
0.069220 
0.074616 
0.064404 
0.063350 
0.051901 
0.053573 
0.050983 
0.050313 
0.062679 
0.056195 
0.089428 
0.088907 
0.112231 
0.087018 
0.095036 
0.074783 
0.104601 
0.091270 
0.103387 
0.104623 
0.135094 
0.142942 
0.128019 
0.138193 
0.139734 
0.163613 
0.137505 
0.156608 
0.138659 
0.170670 
0.146991 
0.190199 
0.163334 
0.182662 
0.154880 
0.179368 
0.162210 
0.166731 
0.163283 
0.176300 
0.218799 
0.177323 
0.213010 
0.164023 
0.211845 
0.162886 
0.223651 
0.187754 
0.215643 
0.199695 
0.206188 
0.227977 
0.196709 
0.252041 
0.185691 
0.229483 
0.171902 
0.209925 
0.181052 
0.189643 
0.223555 
0.180775 
0.254907 
0.180830 
0.224103 
0.188589 
0.181561 
0.200690 
0.155782 
0.226171 
0.156958 
0.216377 
0.216830 
0.192340 
0.279890 
0.192479 
0.275960 
0.231700 
0.226149 
0.300907 
0.201581 
0.310203 
0.255093 
0.258390 
0.327419 
0.217884 
0.351952 
0.291607 
0.277186 
0.370388 
0.240486 
0.336504 
0.308260 
0.249292 
0.368642 
0.249845 
0.313845 
0.337645 
0.226800 
0.363340 
0.290895 
0.266304 
0.379267 
0.244749 
0.310691 
0.345625 
0.226131 
0.353254 
0.300330 
0.242858 
0.384697 
0.267947 
0.284899 
0.378519 
0.238451 
0.333191 
0.352179 
0.229835 
0.363820 
0.312832 
0.244384 
0.378034 
0.265853 
0.276889 
0.389776 
0.248597 
0.319947 
0.353483 
0.225638 
0.356214 
0.327049 
0.237493 
0.375076 
0.280677 
0.268576 
0.374593 
0.241101 
0.293906 
0.332744 
0.212001 
0.344115 
0.316827 
0.237284 
0.379800 
0.275637 
0.280002 
0.378180 
0.241911 
0.337174 
0.331348 
0.245880 
0.376938 
0.268141 
0.293544 
0.356509 
0.234126 
0.355120 
0.296940 
0.270127 
0.351745 
0.233907 
0.346257 
0.300166 
0.274038 
0.344725 
0.239499 
0.347954 
0.275158 
0.286163 
0.301071 
0.238127 
0.330544 
0.235730 
0.306183 
0.253135 
0.274400 
0.291570 
0.238584 
0.276915 
0.227495 
0.302625 
0.229082 
0.273859 
0.231459 
0.249549 
0.230500 
0.252910 
0.242196 
0.231733 
0.253098 
0.218766 
0.240292 
0.203005 
0.234992 
0.197448 
0.203333 
0.184084 
0.194271 
0.179810 
0.157368 
0.141067 
0.143185 
0.130018 
0.113149 
0.103769 
0.107106 
0.107557 
0.106482 
0.104783 
0.096184 
0.095239 
0.098939 
0.098219 
0.107876 
0.105274 
0.101914 
0.095469 
0.100687 
0.087524 
0.087607 
0.078624 
0.071226 
0.081230 
0.079083 
0.094612 
0.090166 
0.092625 
0.097967 
0.108915 
0.111082 
0.105384 
0.100818 
0.099002 
0.086462 
0.097632 
0.103284 
0.097614 
0.085242 
0.080565 
0.057550 
0.077475 
0.083818 
0.106648 
0.105825 
0.100628 
0.075312 
0.058015 
0.041821 
0.031136 
0.035952 
0.042060 
0.062693 
0.060134 
0.052488 
0.057507 
0.046948 
0.040752 
0.028992 
0.020794 
0.017384 
0.014883 
0.014189 
0.014707 
0.015019 
0.014960 
0.013532 
0.011547 
0.008623 
0.007643 
0.006942 
0.005488 
0.005034 
0.004585 
0.004557 
0.003633 
0.003779 
0.003895 
0.003042 
0.002182 
0.001652 
0.001233 
0.000935 
0.000687 
0.000593 
0.000421 
0.000394 
0.000776 
0.000604 
0.000617 
0.000860 
0.000921 
0.001973 
0.002865 
0.002411 
0.001699 
0.001247 
0.000932 
0.000826 
0.000818 
0.000845 
0.001240 
0.001735 
0.002219 
0.003064 
0.002718 
0.002271 
0.001975 
0.002827 
0.004813 
0.005675 
0.006225 
0.005680 
0.005675 
0.005150 
0.006748 
0.007662 
0.007428 
0.009421 
0.008029 
0.005750 
0.006553 
0.005850 
0.006394 
0.006555 
0.004855 
0.003771 
0.002696 
0.004885 
0.006479 
0.005089 
0.003425 
0.004093 
0.005946 
0.006935 
0.008553 
0.008114 
0.008601 
0.009006 
0.008021 
0.007697 
0.009290 
0.009308 
0.008700 
0.008403 
0.006789 
0.005842 
0.004737 
0.003898 
0.003735 
0.002885 
0.002310 
0.001779 
0.002987 
0.003880 
0.003671 
0.002907 
0.002982 
0.004504 
0.005459 
0.004235 
0.003598 
0.003581 
0.003693 
0.003355 
0.002614 
0.002650 
0.002422 
0.002759 
0.002444 
0.001967 
0.002865 
0.003661 
0.002777 
0.002720 
0.002674 
0.002388 
0.002885 
0.002424 
0.002500 
0.003228 
0.002364 
0.002050 
0.002149 
0.001454 
0.001412 
0.001739 
0.001265 
0.001528 
0.001796 
0.001625 
0.001211 
0.001439 
0.001291 
0.001046 
0.001230 
0.001037 
0.001109 
0.000906 
0.000714 
0.000709 
0.000612 
0.000731 
0.000724 
0.000653 
0.000675 
0.000517 
0.000524 
0.000473 
0.000303 
0.000525 
0.000622 
0.000414 
0.000315 
0.000224 
0.000173 
0.000095 
0.000246 
0.000352 
0.000252 
0.000236 
0.000216 
0.000459 
0.000475 
0.000430 
0.000539 
0.000378 
0.000353 
0.000362 
0.000282 
0.000295 
0.000268 
0.000304 
0.000327 
0.000228 
0.000184 
0.000120 
0.000166 
0.000179 
0.000145 
0.000159 
0.000105 
0.000097 
0.000133 
0.000122 
0.000124 
0.000083 
0.000137 
0.000131 
0.000131 
0.000164 
0.000100 
0.000115 
0.000158 
0.000113 
0.000083 
0.000061 
0.000041 
0.000054 
0.000071 
0.000084 
0.000089 
0.000064 
0.000048 
0.000038 
0.000030 
0.000025 
0.000026 
0.000031 
0.000040 
0.000042 
0.000041 
0.000033 
0.000024 
0.000018 
0.000013 
0.000009 
0.000007 
0.000005 
0.000004 
0.000003 
0.000002 
0.000001 
0.000001 
0.000001 
0.000001 
0.000000 
0.000000 
0.000000 
0.000000 
0.000000 
0.000000 
0.000000 
0.000000 
0.000000 
0.000000 
0.000000 
0.000000 
0.000000 
0.000000 
0.000000 
0.000000 
0.000000 
0.000000 
0.000000 
0.000000 
0.000000 
0.000000 
0.000000 
0.000000 
0.000000 
0.000000 
0.000000 
0.000000 
0.000000 
0.000000 
0.000000 
0.000000 
0.000000 
0.000000 
0.000000 
0.000000 
0.000000 
0.000000 
0.000000 
0.000000 
0.000000 
0.000000 
0.000000 
-0.000000 
0.000000 
-0.000000 
0.000000 
-0.000001 
0.000005 
0.000005 
0.000072 
0.000091 
0.000056 
0.000116 
0.000347 
0.000304 
0.000754 
0.001581 
0.002741 
0.002437 
0.001731 
0.001416 
0.001521 
0.001007 
0.002095 
0.005401 
0.002881 
0.016496 
0.020757 
0.014168 
0.094059 
0.093518 
0.079013 
0.191070 
0.144777 
0.144447 
0.229911 
0.148839 
0.190553 
0.245071 
0.152291 
0.239826 
0.251857 
0.170360 
0.279406 
0.234481 
0.196733 
0.310971 
0.216516 
0.240206 
0.325544 
0.208653 
0.293133 
0.312635 
0.216198 
0.340743 
0.274622 
0.250277 
0.361048 
0.241685 
0.301096 
0.319597 
0.226832 
0.344462 
0.260435 
0.273384 
0.357229 
0.237605 
0.337363 
0.290891 
0.259820 
0.343402 
0.235558 
0.319903 
0.275403 
0.240512 
0.278687 
0.205095 
0.283583 
0.216315 
0.260133 
0.229230 
0.233760 
0.241495 
0.218046 
0.276160 
0.217442 
0.297727 
0.229240 
0.320030 
0.265739 
0.304018 
0.269763 
0.286048 
0.277176 
0.266572 
0.276176 
0.256500 
0.291487 
0.248133 
0.266283 
0.234607 
0.289433 
0.242756 
0.284542 
0.234012 
0.256393 
0.217930 
0.243265 
0.204492 
0.232007 
0.203688 
0.246084 
0.208632 
0.233951 
0.203524 
0.230400 
0.199394 
0.218163 
0.194454 
0.228960 
0.199140 
0.212568 
0.208754 
0.222510 
0.222367 
0.243356 
0.228256 
0.238917 
0.231730 
0.242963 
0.224913 
0.215076 
0.221394 
0.223741 
0.221855 
0.221578 
0.202889 
0.242128 
0.229852 
0.241004 
0.214521 
0.231743 
0.225370 
0.207303 
0.216668 
0.246316 
0.254653 
0.239143 
0.249463 
0.238694 
0.253645 
0.253433 
0.246878 
0.220679 
0.242648 
0.233636 
0.228630 
0.217246 
0.229123 
0.229734 
0.215956 
0.235437 
0.231594 
0.227847 
0.216547 
0.223701 
0.207754 
0.199147 
0.203349 
0.190636 
0.191395 
0.193949 
0.199549 
0.195192 
0.190293 
0.193382 
0.187560 
0.187778 
0.182133 
0.192884 
0.184826 
0.198309 
0.209713 
0.216652 
0.219606 
0.218654 
0.223494 
0.238505 
0.247956 
0.248924 
0.269602 
0.277938 
0.265122 
0.261569 
0.249924 
0.235227 
0.227888 
0.224719 
0.233414 
0.218617 
0.196776 
0.179968 
0.178050 
0.177014 
0.171356 
0.166770 
0.161129 
0.165058 
0.153913 
0.173884 
0.180937 
0.175624 
0.178233 
0.197853 
0.209303 
0.212152 
0.194308 
0.195076 
0.188572 
0.204906 
0.212575 
0.205518 
0.209010 
0.207545 
0.213619 
0.226043 
0.222998 
0.244482 
0.247387 
0.248065 
0.257080 
0.255263 
0.244550 
0.241058 
0.231798 
0.241190 
0.258527 
0.264066 
0.270662 
0.279490 
0.273401 
0.264699 
0.265775 
0.235817 
0.194988 
0.143261 
0.104854 
0.075678 
0.054975 
0.039816 
0.028943 
0.022175 
0.017193 
0.012318 
0.009784 
0.009827 
0.007772 
0.006242 
0.005013 
0.003694 
0.002798 
0.002024 
0.001468 
0.001065 
0.000772 
0.000560 
0.000406 
0.000294 
0.000213 
0.000155 
0.000112 
0.000081 
0.000059 
0.000043 
0.000031 
0.000022 
0.000016 
0.000012 
0.000009 
0.000006 
0.000004 
0.000003 
0.000002 
0.000002 
0.000001 
0.000001 
0.000001 
0.000000 
0.000000 
0.000000 
0.000000 
0.000000 
0.000000 
0.000000 
0.000000 
0.000000 
0.000000 
0.000000 
0.000000 
0.000000 
0.000000 
0.000000 
0.000000 
0.000000 
0.000000 
0.000000 
0.000000 
0.000000 
0.000000 
0.000000 
0.000000 
0.000000 
0.000000 
0.000000 
0.000000 
0.000000 
0.000000 
0.000000 
0.000000 
0.000000 
0.000000 
0.000000 
0.000000 
0.000000 
0.000000 
0.000000 
0.000000 
0.000000 
0.000000 
0.000000 
0.000000 
0.000000 
0.000000 
0.000000 
0.000000 
-0.000000 
0.000000 
0.000000 
-0.000000 
0.000000 
-0.000001 
0.000012 
0.000022 
0.000007 
0.000030 
0.000050 
0.000852 
0.008010 
0.019721 
0.029340 
0.027217 
0.022705 
0.018204 
0.034048 
0.088515 
0.135739 
0.152009 
0.177667 
0.207821 
0.205625 
0.207731 
0.208923 
0.217446 
0.225306 
0.250953 
0.274911 
0.290332 
0.296198 
0.291991 
0.284156 
0.281694 
0.283868 
0.281057 
0.289219 
0.309261 
0.287376 
0.288691 
0.288949 
0.269563 
0.290179 
0.302630 
0.313293 
0.298310 
0.308641 
0.322753 
0.320498 
0.326328 
0.330076 
0.333358 
0.334061 
0.330536 
0.331407 
0.341663 
0.342329 
0.347270 
0.346501 
0.346455 
0.340082 
0.335357 
0.325112 
0.321219 
0.298546 
0.267492 
0.212006 
0.168993 
0.133747 
0.098272 
0.072098 
0.051962 
0.038522 
0.028936 
0.021381 
0.018860 
0.017042 
0.014579 
0.016533 
0.017849 
0.020689 
0.021682 
0.023982 
0.032886 
0.046564 
0.057807 
0.070456 
0.083139 
0.093455 
0.122633 
0.144959 
0.174029 
0.188597 
0.200704 
0.210176 
0.214635 
0.220830 
0.234719 
0.242353 
0.259543 
0.265421 
0.283495 
0.301052 
0.296551 
0.320499 
0.305260 
0.300295 
0.298889 
0.288631 
0.295427 
0.280106 
0.281665 
0.271478 
0.293853 
0.282519 
0.276266 
0.287971 
0.272674 
0.276396 
0.252071 
0.256472 
0.213303 
0.214303 
0.173392 
0.151397 
0.111159 
0.084761 
0.074776 
0.057436 
0.045826 
0.036462 
0.029538 
0.024056 
0.029089 
0.035120 
0.027184 
0.019924 
0.014643 
0.010540 
0.007664 
0.005552 
0.004026 
0.002919 
0.002116 
0.001534 
0.001112 
0.000806 
0.000585 
0.000424 
0.000307 
0.000223 
0.000161 
0.000117 
0.000085 
0.000062 
0.000045 
0.000032 
0.000023 
0.000018 
0.000014 
0.000010 
0.000007 
0.000005 
0.000004 
0.000003 
0.000002 
0.000002 
0.000000 
0.000004 
0.000002 
0.000016 
-0.000042 
0.000317 
0.002483 
0.010555 
0.015667 
0.011722 
0.024004 
0.116868 
0.162703 
0.177011 
0.179958 
0.189341 
0.205891 
0.156315 
0.148252 
0.108145 
0.085835 
0.075768 
0.060290 
0.047745 
0.054611 
0.036190 
0.046052 
0.069823 
0.065949 
0.153194 
0.119522 
0.179680 
0.165583 
0.203085 
0.186443 
0.220868 
0.266059 
0.252869 
0.296387 
0.235951 
0.289564 
0.237544 
0.319742 
0.257951 
0.290175 
0.259741 
0.267530 
0.274788 
0.265372 
0.287961 
0.246666 
0.290566 
0.242907 
0.283031 
0.254800 
0.282793 
0.271160 
0.270067 
0.314278 
0.304428 
0.305197 
0.263171 
0.307969 
0.312077 
0.312792 
0.291346 
0.289836 
0.302369 
0.295524 
0.305662 
0.255490 
0.270309 
0.250427 
0.230808 
0.268323 
0.248562 
0.258742 
0.274987 
0.195131 
0.246602 
0.226940 
0.276985 
0.276687 
0.204575 
0.230478 
0.163968 
0.197200 
0.183478 
0.138701 
0.136308 
0.092360 
0.139550 
0.117593 
0.119132 
0.153935 
0.106085 
0.162997 
0.128626 
0.135926 
0.159408 
0.110557 
0.173460 
0.132498 
0.140873 
0.178064 
0.117982 
0.186148 
0.155925 
0.146476 
0.187948 
0.123426 
0.183655 
0.162268 
0.141847 
0.204322 
0.136534 
0.180422 
0.176305 
0.136618 
0.198906 
0.137142 
0.164302 
0.182210 
0.126613 
0.199018 
0.151241 
0.159459 
0.210993 
0.140207 
0.199300 
0.163564 
0.158715 
0.227744 
0.155309 
0.212863 
0.164239 
0.216021 
0.260382 
0.197597 
0.298426 
0.214768 
0.266573 
0.252284 
0.228630 
0.287051 
0.216628 
0.275164 
0.232551 
0.243340 
0.263416 
0.220712 
0.289862 
0.255865 
0.282782 
0.260821 
0.272255 
0.282648 
0.249219 
0.281794 
0.252641 
0.262797 
0.255699 
0.255775 
0.241635 
0.244452 
0.298200 
0.280475 
0.288039 
0.268407 
0.272550 
0.296282 
0.271836 
0.261007 
0.264143 
0.265021 
0.242352 
0.252646 
0.260223 
0.263934 
0.264764 
0.273791 
0.277782 
0.272653 
0.279665 
0.283279 
0.278242 
0.259281 
0.262876 
0.263630 
0.266003 
0.264918 
0.291663 
0.268490 
0.270988 
0.275942 
0.284511 
0.281318 
0.283310 
0.289899 
0.276481 
0.274133 
0.279629 
0.295701 
0.278734 
0.296355 
0.314169 
0.322304 
0.323344 
0.337636 
0.294077 
0.305567 
0.300978 
0.323624 
0.323668 
0.333084 
0.319562 
0.324577 
0.322678 
0.333501 
0.319954 
0.323558 
0.310972 
0.332201 
0.312304 
0.308805 
0.299609 
0.319639 
0.304035 
0.324818 
0.310350 
0.307693 
0.306354 
0.314314 
0.311383 
0.320561 
0.290954 
0.304254 
0.297139 
0.316914 
0.317370 
0.304227 
0.282405 
0.286610 
0.288098 
0.303433 
0.284161 
0.305150 
0.301114 
0.298256 
0.283523 
0.254279 
0.274492 
0.280554 
0.282675 
0.273858 
0.259867 
0.267650 
0.282638 
0.277094 
0.283361 
0.268976 
0.289453 
0.265730 
0.280155 
0.292528 
0.270790 
0.274946 
0.286273 
0.266347 
0.282298 
0.293590 
0.299299 
0.317627 
0.309492 
0.287944 
0.286875 
0.300726 
0.309822 
0.325611 
0.309612 
0.297369 
0.304943 
0.308170 
0.300928 
0.290214 
0.292654 
0.309694 
0.303343 
0.317914 
0.305895 
0.305030 
0.310928 
0.317015 
0.314935 
0.312153 
0.321944 
0.306586 
0.306081 
0.301844 
0.294070 
0.292937 
0.313692 
0.294174 
0.294393 
0.274556 
0.298522 
0.279689 
0.289239 
0.274505 
0.269391 
0.249481 
0.241905 
0.249192 
0.253793 
0.251941 
0.211000 
0.198993 
0.182260 
0.141990 
0.162084 
0.138699 
0.180548 
0.150121 
0.157978 
0.191538 
0.143999 
0.173746 
0.120634 
0.163580 
0.162392 
0.129838 
0.204244 
0.143144 
0.161537 
0.157750 
0.123475 
0.196443 
0.144755 
0.158454 
0.222336 
0.145451 
0.172216 
0.167242 
0.118646 
0.180465 
0.153986 
0.126448 
0.176341 
0.132689 
0.116850 
0.152962 
0.112845 
0.105496 
0.170091 
0.146659 
0.103505 
0.130099 
0.116888 
0.081244 
0.095432 
0.105249 
0.073308 
0.075833 
0.107884 
0.078754 
0.075497 
0.099908 
0.087875 
0.060836 
0.050705 
0.048613 
0.039639 
0.032133 
0.038000 
0.043977 
0.045328 
0.047113 
0.039482 
0.028912 
0.022072 
0.019734 
0.025812 
0.030985 
0.028253 
0.021023 
0.018629 
0.022853 
0.027283 
0.026381 
0.025354 
0.019579 
0.016131 
0.014938 
0.012829 
0.010639 
0.007721 
0.006824 
0.005866 
0.004705 
0.003692 
0.003320 
0.002753 
0.003517 
0.003626 
0.004070 
0.003478 
0.002545 
0.001855 
0.001973 
0.002185 
0.002074 
0.001672 
0.001187 
0.000868 
0.000632 
0.000454 
0.000409 
0.000370 
0.000259 
0.000290 
0.000280 
0.000189 
0.000142 
0.000101 
0.000075 
0.000073 
0.000067 
0.000072 
0.000062 
0.000043 
0.000032 
0.000023 
0.000017 
0.000012 
0.000009 
0.000007 
0.000004 
0.000008 
0.000022 
0.000024 
0.000018 
0.000013 
0.000009 
0.000007 
0.000005 
0.000004 
0.000003 
0.000002 
0.000001 
0.000001 
0.000001 
0.000001 
0.000000 
0.000000 
0.000000 
0.000000 
0.000000 
0.000000 
0.000000 
0.000000 
0.000000 
0.000000 
0.000000 
0.000000 
0.000000 
0.000000 
0.000000 
0.000000 
0.000000 
0.000000 
0.000000 
0.000000 
0.000000 
0.000000 
0.000000 
0.000000 
0.000000 
0.000000 
