[ASCII 1000Hz, Channels: 1, Samples: 3780, Flags: 0]                          
0.000003 
0.000013 
0.000015 
0.000015 
0.000014 
0.000015 
0.000016 
0.000015 
0.000015 
0.000017 
0.000019 
0.000016 
0.000017 
0.000019 
0.000016 
0.000015 
0.000016 
0.000016 
0.000018 
0.000017 
0.000017 
0.000015 
0.000011 
0.000014 
0.000019 
0.000016 
0.000015 
0.000019 
0.000018 
0.000020 
0.000021 
0.000018 
0.000016 
0.000014 
0.000014 
0.000018 
0.000016 
0.000013 
0.000013 
0.000018 
0.000018 
0.000016 
0.000014 
0.000012 
0.000012 
0.000014 
0.000018 
0.000016 
0.000013 
0.000014 
0.000016 
0.000017 
0.000018 
0.000022 
0.000019 
0.000014 
0.000014 
0.000016 
0.000017 
0.000016 
0.000016 
0.000017 
0.000018 
0.000017 
0.000017 
0.000018 
0.000016 
0.000016 
0.000013 
0.000013 
0.000016 
0.000017 
0.000016 
0.000013 
0.000015 
0.000014 
0.000014 
0.000016 
0.000014 
0.000016 
0.000014 
0.000013 
0.000016 
0.000019 
0.000020 
0.000019 
0.000017 
0.000025 
0.000027 
0.000022 
0.000019 
0.000018 
0.000013 
0.000017 
0.000030 
0.000038 
0.000029 
0.000025 
0.000029 
0.000028 
0.000020 
0.000015 
0.000033 
0.000057 
0.000052 
0.000041 
0.000032 
0.000035 
0.000034 
0.000031 
0.000055 
0.000090 
0.000081 
0.000057 
0.000044 
0.000028 
0.000072 
0.000176 
0.000191 
0.000140 
0.000102 
0.000136 
0.000141 
0.000103 
0.000108 
0.000149 
0.000211 
0.000204 
0.000155 
0.000121 
0.000168 
0.000343 
0.000390 
0.000302 
0.000234 
0.000303 
0.000384 
0.000319 
0.000247 
0.000611 
0.000766 
0.000575 
0.000331 
0.000727 
0.001674 
0.001314 
0.000925 
0.000762 
0.002026 
0.002453 
0.001751 
0.001222 
0.002484 
0.003558 
0.002731 
0.001583 
0.003245 
0.008305 
0.007177 
0.003507 
0.010279 
0.029603 
0.025584 
0.015567 
0.040587 
0.053410 
0.036752 
0.024763 
0.054904 
0.068188 
0.046460 
0.031483 
0.057781 
0.071666 
0.049496 
0.034095 
0.065458 
0.083098 
0.058419 
0.041375 
0.077074 
0.090315 
0.060418 
0.050067 
0.099188 
0.103911 
0.067597 
0.071721 
0.127124 
0.110981 
0.073622 
0.113520 
0.151000 
0.110218 
0.086065 
0.156008 
0.157499 
0.102747 
0.162430 
0.216992 
0.148025 
0.154382 
0.263829 
0.225677 
0.201287 
0.282588 
0.246748 
0.191576 
0.272965 
0.260738 
0.183272 
0.251324 
0.287599 
0.188709 
0.231692 
0.288878 
0.194089 
0.206064 
0.292735 
0.215423 
0.184576 
0.272306 
0.228312 
0.178362 
0.250985 
0.220988 
0.167866 
0.247373 
0.230201 
0.159316 
0.232686 
0.246534 
0.164052 
0.219289 
0.235989 
0.154368 
0.214954 
0.243218 
0.161352 
0.223403 
0.234207 
0.156835 
0.228188 
0.234717 
0.160888 
0.234372 
0.209607 
0.172615 
0.245834 
0.185074 
0.198116 
0.248193 
0.177761 
0.230073 
0.223507 
0.176277 
0.237976 
0.189155 
0.204724 
0.213860 
0.174010 
0.241558 
0.194601 
0.189754 
0.218861 
0.168224 
0.239326 
0.203394 
0.211059 
0.247391 
0.197565 
0.263627 
0.213727 
0.221554 
0.238103 
0.189158 
0.253296 
0.204967 
0.232502 
0.235951 
0.215553 
0.267690 
0.219055 
0.253073 
0.231328 
0.215125 
0.234716 
0.194490 
0.234029 
0.201548 
0.215643 
0.209835 
0.205348 
0.220376 
0.189463 
0.214498 
0.176498 
0.192308 
0.183308 
0.171075 
0.205028 
0.174531 
0.201737 
0.184008 
0.185436 
0.194444 
0.182333 
0.201373 
0.173875 
0.186537 
0.166604 
0.172892 
0.166246 
0.156355 
0.169549 
0.148513 
0.166321 
0.150726 
0.157567 
0.160344 
0.148120 
0.160317 
0.138881 
0.162784 
0.144448 
0.158281 
0.154417 
0.146806 
0.154986 
0.132625 
0.150316 
0.135744 
0.148800 
0.132569 
0.145284 
0.143630 
0.138094 
0.144735 
0.127734 
0.141829 
0.123604 
0.146859 
0.128005 
0.128125 
0.118701 
0.101919 
0.102394 
0.085270 
0.082874 
0.072569 
0.064905 
0.067060 
0.060535 
0.064043 
0.062705 
0.055550 
0.062385 
0.052850 
0.049488 
0.052412 
0.042880 
0.059449 
0.052877 
0.057372 
0.060754 
0.052565 
0.066592 
0.052497 
0.058575 
0.057937 
0.051269 
0.065804 
0.048591 
0.056492 
0.050021 
0.050977 
0.057455 
0.046370 
0.061352 
0.048580 
0.056548 
0.056994 
0.050236 
0.062025 
0.046775 
0.056674 
0.050720 
0.052041 
0.056602 
0.048709 
0.058972 
0.047107 
0.055470 
0.053495 
0.053169 
0.061342 
0.047992 
0.059511 
0.052561 
0.056424 
0.061117 
0.052353 
0.058287 
0.047901 
0.059302 
0.054841 
0.055221 
0.058487 
0.053521 
0.062542 
0.053897 
0.062425 
0.058180 
0.054202 
0.064595 
0.055028 
0.064047 
0.054962 
0.057698 
0.059873 
0.054911 
0.064046 
0.053043 
0.060783 
0.056455 
0.054434 
0.060004 
0.053785 
0.063084 
0.055876 
0.061054 
0.059633 
0.055944 
0.062602 
0.053439 
0.061867 
0.053617 
0.056309 
0.060309 
0.053039 
0.061674 
0.050252 
0.057363 
0.054051 
0.053869 
0.059523 
0.049023 
0.062147 
0.053767 
0.056487 
0.057246 
0.050458 
0.060993 
0.048207 
0.059372 
0.054980 
0.055090 
0.059258 
0.051139 
0.061368 
0.051780 
0.062823 
0.060867 
0.057710 
0.061441 
0.054199 
0.066513 
0.055617 
0.064811 
0.060318 
0.060763 
0.068441 
0.056341 
0.068542 
0.066163 
0.072297 
0.070947 
0.059983 
0.073087 
0.064563 
0.070588 
0.062963 
0.061712 
0.072073 
0.058403 
0.082838 
0.095281 
0.095252 
0.138030 
0.169723 
0.199487 
0.201817 
0.196823 
0.199397 
0.201555 
0.227466 
0.205193 
0.238027 
0.213841 
0.246338 
0.210402 
0.248843 
0.207576 
0.241674 
0.203617 
0.227322 
0.201939 
0.213117 
0.221881 
0.206551 
0.221077 
0.181033 
0.227719 
0.195083 
0.215324 
0.182607 
0.205449 
0.193109 
0.185963 
0.200662 
0.181032 
0.212465 
0.196154 
0.232135 
0.205870 
0.227739 
0.202892 
0.198547 
0.204820 
0.190970 
0.219262 
0.190408 
0.224986 
0.191083 
0.218648 
0.198576 
0.214993 
0.216578 
0.201447 
0.230855 
0.178153 
0.231881 
0.188440 
0.220875 
0.209081 
0.188474 
0.210517 
0.185984 
0.238871 
0.187492 
0.229781 
0.215436 
0.193500 
0.212056 
0.185832 
0.217746 
0.183423 
0.200334 
0.185831 
0.188312 
0.202512 
0.164329 
0.207761 
0.189606 
0.190785 
0.191719 
0.178417 
0.204220 
0.184214 
0.198910 
0.176603 
0.190467 
0.198916 
0.188870 
0.208760 
0.181537 
0.201608 
0.181354 
0.189832 
0.189270 
0.167951 
0.197151 
0.178035 
0.195118 
0.189006 
0.178615 
0.190959 
0.171189 
0.187828 
0.169045 
0.181413 
0.168706 
0.169083 
0.188450 
0.162339 
0.172743 
0.162936 
0.167777 
0.168179 
0.159838 
0.170380 
0.152147 
0.174198 
0.151656 
0.159241 
0.172642 
0.159971 
0.172074 
0.159484 
0.170180 
0.155491 
0.155452 
0.154160 
0.146850 
0.140545 
0.117921 
0.118138 
0.089382 
0.069819 
0.054847 
0.038191 
0.033217 
0.031706 
0.023265 
0.026993 
0.018844 
0.021394 
0.027458 
0.019373 
0.027503 
0.022818 
0.021474 
0.030633 
0.022222 
0.032466 
0.027801 
0.028368 
0.033122 
0.022466 
0.034494 
0.028345 
0.032907 
0.039690 
0.028056 
0.038561 
0.029118 
0.038995 
0.045825 
0.055542 
0.083704 
0.093143 
0.088443 
0.103783 
0.119468 
0.131845 
0.139953 
0.134945 
0.159468 
0.151859 
0.165987 
0.172661 
0.178218 
0.181235 
0.169530 
0.194951 
0.192782 
0.203621 
0.200238 
0.201572 
0.200008 
0.186464 
0.204060 
0.190567 
0.204428 
0.201647 
0.196819 
0.198419 
0.187070 
0.197324 
0.188855 
0.199290 
0.199085 
0.192635 
0.216262 
0.197305 
0.192288 
0.192588 
0.176797 
0.202478 
0.180420 
0.198445 
0.197067 
0.191793 
0.211925 
0.189250 
0.207465 
0.179520 
0.196622 
0.208748 
0.176480 
0.203914 
0.181034 
0.202981 
0.193893 
0.188678 
0.190963 
0.188263 
0.188449 
0.182407 
0.210779 
0.170366 
0.210778 
0.189169 
0.179273 
0.221741 
0.181566 
0.212524 
0.207506 
0.181599 
0.221681 
0.178125 
0.217482 
0.206193 
0.184498 
0.237205 
0.173982 
0.220238 
0.195342 
0.208868 
0.236122 
0.188566 
0.244198 
0.201586 
0.247440 
0.252203 
0.223333 
0.262913 
0.221874 
0.265467 
0.237157 
0.237850 
0.266516 
0.229709 
0.285476 
0.242141 
0.262906 
0.274489 
0.241526 
0.281259 
0.239347 
0.271732 
0.254907 
0.245694 
0.273331 
0.226043 
0.268988 
0.236166 
0.228443 
0.258452 
0.221953 
0.273356 
0.233465 
0.254440 
0.263506 
0.243239 
0.278534 
0.224719 
0.268534 
0.247141 
0.232321 
0.268490 
0.214798 
0.263540 
0.229094 
0.233749 
0.239509 
0.194478 
0.242513 
0.194621 
0.213059 
0.206317 
0.174007 
0.207563 
0.160350 
0.194001 
0.171073 
0.158567 
0.177791 
0.137983 
0.171847 
0.142269 
0.142720 
0.153856 
0.123051 
0.146384 
0.122746 
0.133483 
0.135207 
0.123694 
0.145654 
0.131973 
0.140006 
0.151285 
0.135008 
0.158782 
0.148436 
0.153160 
0.153146 
0.143839 
0.149564 
0.134484 
0.151888 
0.145240 
0.146664 
0.153742 
0.146567 
0.149036 
0.148607 
0.153839 
0.146817 
0.138470 
0.139839 
0.138542 
0.137591 
0.136417 
0.130015 
0.117832 
0.124991 
0.115851 
0.111940 
0.115577 
0.096656 
0.110811 
0.094325 
0.109611 
0.106344 
0.092577 
0.102489 
0.083553 
0.099566 
0.091064 
0.091658 
0.092667 
0.086480 
0.093799 
0.077300 
0.095074 
0.082155 
0.083697 
0.089491 
0.081377 
0.095145 
0.080917 
0.090779 
0.087805 
0.092306 
0.094015 
0.084725 
0.101775 
0.094583 
0.100218 
0.099177 
0.101529 
0.101456 
0.093304 
0.111225 
0.107221 
0.112381 
0.112283 
0.131204 
0.144915 
0.133421 
0.139732 
0.131054 
0.152887 
0.154277 
0.163204 
0.169018 
0.167859 
0.191852 
0.175940 
0.194808 
0.187354 
0.189783 
0.210076 
0.189904 
0.208646 
0.195272 
0.200674 
0.217949 
0.202749 
0.220342 
0.224736 
0.218048 
0.240993 
0.218164 
0.231211 
0.204653 
0.213572 
0.225339 
0.198074 
0.219800 
0.190342 
0.233959 
0.210841 
0.209679 
0.222352 
0.201423 
0.244672 
0.202522 
0.217828 
0.220406 
0.205601 
0.229915 
0.192348 
0.231017 
0.209855 
0.201907 
0.207479 
0.184752 
0.212101 
0.175210 
0.192227 
0.180363 
0.175970 
0.184414 
0.164162 
0.195221 
0.166925 
0.197560 
0.195842 
0.181637 
0.207142 
0.174362 
0.196979 
0.169487 
0.194753 
0.197225 
0.169927 
0.200229 
0.173330 
0.202140 
0.182537 
0.177745 
0.194403 
0.158490 
0.216459 
0.189251 
0.199076 
0.208431 
0.171674 
0.213780 
0.175412 
0.202819 
0.213273 
0.176178 
0.220673 
0.175694 
0.190725 
0.202749 
0.163171 
0.199912 
0.174377 
0.162962 
0.185930 
0.144338 
0.154274 
0.139872 
0.120949 
0.122845 
0.097104 
0.103544 
0.080661 
0.077578 
0.073174 
0.058818 
0.075898 
0.059265 
0.060659 
0.066649 
0.049195 
0.059041 
0.047940 
0.045933 
0.055262 
0.038562 
0.047904 
0.044407 
0.036290 
0.047034 
0.036325 
0.038435 
0.042941 
0.033942 
0.044835 
0.038608 
0.039919 
0.047079 
0.035749 
0.046392 
0.040988 
0.041025 
0.048202 
0.038669 
0.050589 
0.044196 
0.046191 
0.050909 
0.041966 
0.054326 
0.046398 
0.046411 
0.051549 
0.041705 
0.046781 
0.043686 
0.051154 
0.057298 
0.062178 
0.070672 
0.055220 
0.076271 
0.071439 
0.083069 
0.095851 
0.087774 
0.119792 
0.105180 
0.129600 
0.139112 
0.124135 
0.166971 
0.135625 
0.168058 
0.167150 
0.148173 
0.183896 
0.140326 
0.176088 
0.163666 
0.159515 
0.194399 
0.153104 
0.206463 
0.180702 
0.203926 
0.204210 
0.179262 
0.230256 
0.183350 
0.227040 
0.202378 
0.204552 
0.235961 
0.190649 
0.240618 
0.187470 
0.209126 
0.229747 
0.188803 
0.238404 
0.192143 
0.220453 
0.218055 
0.182991 
0.227975 
0.173160 
0.196675 
0.195143 
0.159580 
0.201316 
0.170216 
0.177107 
0.169074 
0.141202 
0.176822 
0.161081 
0.172291 
0.168553 
0.153698 
0.180610 
0.147612 
0.168579 
0.154252 
0.147963 
0.171664 
0.134049 
0.164250 
0.148598 
0.143389 
0.148883 
0.116117 
0.141144 
0.123930 
0.131067 
0.132184 
0.115991 
0.131173 
0.108311 
0.116965 
0.104741 
0.089473 
0.084879 
0.064006 
0.054460 
0.043340 
0.030027 
0.028085 
0.028518 
0.022830 
0.031165 
0.023689 
0.027333 
0.030665 
0.023404 
0.035557 
0.029336 
0.030906 
0.032623 
0.025334 
0.035825 
0.027081 
0.031866 
0.031583 
0.026901 
0.037040 
0.027236 
0.035216 
0.030546 
0.030843 
0.035581 
0.026987 
0.038561 
0.029987 
0.034542 
0.033590 
0.030199 
0.037106 
0.029643 
0.037059 
0.029738 
0.033773 
0.027660 
0.031356 
0.031877 
0.033044 
0.039547 
0.031526 
0.047387 
0.038790 
0.053824 
0.046256 
0.066961 
0.069669 
0.069501 
0.075681 
0.077685 
0.094025 
0.089759 
0.106197 
0.101181 
0.120395 
0.119226 
0.129196 
0.128746 
0.146713 
0.142154 
0.146816 
0.143797 
0.142225 
0.142774 
0.148389 
0.150258 
0.159518 
0.152480 
0.167361 
0.178993 
0.186174 
0.183482 
0.188571 
0.196974 
0.209759 
0.213850 
0.202911 
0.199099 
0.209992 
0.222173 
0.232075 
0.223953 
0.218538 
0.206765 
0.200755 
0.196326 
0.192642 
0.190545 
0.188313 
0.185250 
0.185653 
0.193629 
0.196280 
0.198358 
0.194127 
0.191850 
0.188685 
0.184004 
0.190501 
0.193979 
0.205423 
0.206451 
0.197418 
0.197214 
0.199002 
0.197197 
0.192617 
0.178595 
0.178252 
0.180945 
0.183118 
0.173681 
0.164979 
0.152619 
0.134542 
0.116303 
0.113925 
0.112685 
0.116624 
0.112788 
0.107595 
0.104855 
0.095800 
0.096458 
0.097215 
0.089094 
0.097319 
0.089556 
0.087528 
0.084391 
0.079370 
0.085416 
0.069897 
0.061592 
0.049364 
0.070195 
0.060571 
0.044085 
0.030073 
0.042453 
0.046750 
0.034114 
0.031098 
0.033908 
0.042380 
0.041326 
0.034737 
0.030134 
0.051408 
0.052231 
0.035509 
0.033800 
0.026668 
0.020551 
0.017049 
0.017638 
0.022076 
0.018496 
0.014618 
0.011867 
0.012274 
0.012721 
0.011144 
0.009881 
0.012115 
0.017667 
0.019567 
0.013356 
0.014513 
0.018052 
0.016342 
0.023025 
0.022935 
0.017812 
0.016623 
0.013976 
0.010994 
0.009463 
0.009204 
0.007771 
0.007055 
0.006156 
0.005683 
0.006140 
0.007228 
0.009853 
0.009325 
0.006938 
0.005838 
0.005566 
0.004765 
0.004592 
0.005088 
0.004785 
0.004030 
0.004120 
0.003622 
0.003023 
0.002750 
0.002564 
0.002251 
0.001856 
0.001409 
0.001218 
0.001062 
0.000837 
0.000672 
0.000750 
0.000813 
0.000685 
0.000615 
0.000532 
0.000536 
0.000550 
0.000431 
0.000352 
0.000386 
0.000328 
0.000267 
0.000332 
0.000310 
0.000276 
0.000364 
0.000430 
0.000297 
0.000221 
0.000199 
0.000171 
0.000199 
0.000200 
0.000139 
0.000098 
0.000139 
0.000133 
0.000237 
0.000326 
0.000222 
0.000176 
0.000127 
0.000083 
0.000278 
0.000322 
0.000224 
0.000169 
0.000123 
0.000083 
0.000088 
0.000166 
0.000158 
0.000127 
0.000084 
0.000091 
0.000158 
0.000171 
0.000168 
0.000125 
0.000097 
0.000116 
0.000126 
0.000094 
0.000065 
0.000093 
0.000183 
0.000213 
0.000156 
0.000112 
0.000084 
0.000060 
0.000111 
0.000156 
0.000128 
0.000100 
0.000088 
0.000080 
0.000060 
0.000047 
0.000032 
0.000056 
0.000105 
0.000094 
0.000066 
0.000052 
0.000109 
0.000135 
0.000103 
0.000077 
0.000074 
0.000077 
0.000060 
0.000060 
0.000087 
0.000144 
0.000172 
0.000136 
0.000098 
0.000085 
0.000085 
0.000097 
0.000114 
0.000090 
0.000074 
0.000056 
0.000045 
0.000062 
0.000113 
0.000135 
0.000139 
0.000100 
0.000088 
0.000069 
0.000081 
0.000095 
0.000081 
0.000066 
0.000054 
0.000112 
0.000151 
0.000113 
0.000082 
0.000141 
0.000178 
0.000138 
0.000102 
0.000074 
0.000053 
0.000039 
0.000028 
0.000020 
0.000015 
0.000022 
0.000013 
0.000079 
0.000107 
0.001162 
0.004512 
0.005897 
0.011516 
0.013547 
0.012927 
0.009527 
0.018921 
0.057812 
0.066079 
0.046640 
0.055659 
0.086890 
0.077210 
0.051289 
0.074197 
0.107753 
0.081727 
0.064022 
0.114300 
0.115043 
0.074291 
0.086254 
0.124428 
0.092451 
0.063774 
0.109378 
0.121711 
0.074739 
0.087467 
0.142412 
0.106618 
0.079257 
0.130376 
0.126949 
0.080832 
0.100472 
0.123277 
0.080795 
0.088213 
0.135786 
0.102720 
0.082373 
0.121287 
0.106181 
0.074019 
0.101122 
0.095768 
0.063508 
0.095723 
0.097217 
0.062403 
0.098288 
0.107196 
0.066894 
0.106314 
0.127869 
0.079354 
0.108538 
0.147950 
0.099644 
0.095819 
0.128406 
0.095448 
0.069692 
0.079504 
0.068357 
0.045998 
0.039652 
0.068273 
0.058177 
0.039410 
0.032206 
0.057639 
0.051309 
0.035718 
0.024462 
0.045591 
0.052627 
0.035944 
0.024213 
0.032582 
0.051556 
0.037000 
0.025952 
0.023704 
0.047382 
0.041932 
0.026777 
0.037638 
0.065515 
0.057135 
0.038553 
0.034330 
0.095581 
0.108180 
0.078337 
0.108166 
0.131872 
0.114630 
0.116072 
0.147649 
0.145466 
0.136176 
0.146205 
0.166430 
0.171309 
0.145248 
0.167842 
0.193955 
0.166640 
0.173252 
0.188343 
0.163658 
0.169398 
0.181473 
0.150536 
0.152344 
0.182535 
0.152987 
0.143248 
0.168905 
0.165808 
0.146535 
0.167907 
0.180941 
0.153355 
0.157068 
0.187975 
0.182320 
0.169478 
0.201228 
0.198593 
0.177961 
0.195505 
0.209867 
0.198631 
0.190443 
0.200660 
0.207873 
0.196429 
0.197474 
0.204563 
0.202752 
0.197638 
0.210332 
0.195793 
0.187031 
0.213872 
0.203371 
0.179781 
0.204921 
0.205151 
0.180431 
0.199948 
0.206965 
0.187631 
0.198025 
0.206942 
0.183224 
0.189944 
0.205505 
0.172741 
0.168686 
0.197553 
0.163528 
0.161345 
0.205054 
0.168320 
0.156851 
0.204286 
0.159011 
0.142624 
0.206692 
0.176369 
0.145765 
0.198580 
0.171857 
0.135168 
0.192445 
0.177149 
0.133163 
0.182204 
0.175077 
0.128743 
0.179413 
0.184762 
0.136177 
0.165458 
0.174030 
0.123360 
0.154778 
0.174893 
0.122767 
0.145021 
0.176790 
0.132397 
0.135945 
0.162540 
0.137189 
0.136858 
0.163394 
0.134822 
0.122514 
0.152504 
0.135988 
0.123401 
0.145175 
0.127069 
0.108648 
0.113557 
0.093978 
0.069959 
0.065541 
0.054923 
0.038116 
0.029630 
0.023002 
0.017577 
0.010806 
0.023636 
0.038625 
0.025497 
0.022827 
0.039505 
0.032074 
0.021383 
0.024200 
0.025089 
0.018982 
0.011930 
0.019860 
0.029773 
0.019963 
0.015230 
0.020052 
0.017154 
0.011977 
0.008470 
0.011701 
0.015986 
0.010481 
0.013040 
0.022356 
0.017322 
0.010561 
0.021686 
0.038310 
0.035691 
0.057874 
0.084311 
0.087226 
0.093609 
0.131923 
0.142066 
0.145630 
0.181409 
0.189894 
0.180331 
0.209157 
0.209781 
0.183564 
0.215769 
0.208095 
0.165777 
0.195626 
0.206964 
0.171219 
0.182244 
0.199627 
0.159413 
0.152911 
0.197682 
0.154104 
0.141211 
0.186652 
0.178481 
0.150425 
0.176075 
0.183876 
0.156832 
0.172704 
0.190965 
0.160205 
0.172702 
0.201717 
0.163167 
0.164546 
0.193248 
0.166698 
0.147598 
0.193655 
0.185137 
0.153222 
0.193859 
0.180643 
0.138555 
0.175311 
0.180163 
0.136199 
0.153809 
0.182081 
0.146521 
0.157565 
0.203172 
0.154089 
0.140583 
0.194456 
0.161063 
0.132298 
0.176121 
0.169075 
0.134378 
0.171398 
0.168153 
0.120739 
0.151303 
0.162792 
0.114210 
0.140184 
0.168854 
0.119513 
0.125813 
0.157185 
0.118322 
0.112124 
0.143580 
0.122822 
0.111590 
0.144248 
0.131122 
0.113149 
0.135962 
0.129686 
0.110882 
0.123948 
0.121031 
0.102146 
0.107225 
0.112328 
0.083345 
0.074300 
0.073870 
0.053544 
0.039591 
0.036776 
0.028656 
0.022163 
0.024808 
0.025796 
0.017258 
0.019037 
0.031542 
0.024724 
0.016925 
0.031526 
0.032250 
0.019912 
0.023570 
0.031063 
0.023990 
0.015675 
0.021084 
0.034541 
0.025260 
0.017239 
0.031058 
0.033483 
0.021342 
0.019289 
0.031590 
0.026018 
0.016514 
0.022106 
0.043265 
0.033816 
0.032795 
0.044174 
0.040861 
0.035755 
0.048244 
0.047523 
0.037473 
0.052172 
0.058193 
0.044206 
0.046346 
0.057149 
0.047855 
0.041494 
0.051798 
0.047058 
0.036739 
0.044661 
0.047941 
0.036748 
0.041254 
0.048134 
0.038868 
0.035476 
0.047116 
0.044618 
0.034608 
0.040915 
0.042012 
0.031385 
0.033182 
0.044765 
0.039865 
0.031011 
0.040413 
0.041746 
0.028975 
0.036701 
0.049470 
0.035856 
0.034109 
0.049656 
0.043784 
0.031977 
0.047841 
0.051948 
0.035748 
0.038872 
0.053450 
0.041271 
0.037327 
0.057979 
0.052988 
0.037823 
0.054310 
0.059458 
0.040582 
0.044735 
0.061985 
0.046038 
0.044851 
0.066961 
0.057334 
0.041335 
0.057453 
0.064858 
0.044249 
0.048271 
0.064989 
0.048355 
0.043037 
0.064515 
0.059286 
0.038355 
0.054181 
0.065903 
0.042584 
0.047150 
0.067696 
0.047322 
0.039918 
0.066458 
0.053367 
0.037196 
0.058960 
0.055240 
0.034405 
0.054942 
0.058798 
0.034792 
0.052413 
0.065441 
0.038985 
0.051790 
0.069143 
0.041996 
0.052576 
0.071316 
0.048353 
0.058905 
0.071870 
0.049201 
0.061243 
0.074605 
0.059653 
0.074319 
0.076068 
0.071646 
0.093843 
0.089136 
0.093231 
0.115058 
0.113925 
0.131068 
0.128578 
0.141981 
0.157814 
0.153430 
0.176444 
0.170029 
0.187657 
0.209783 
0.189898 
0.212669 
0.215341 
0.223312 
0.241256 
0.217571 
0.219847 
0.235546 
0.222203 
0.252268 
0.234223 
0.227343 
0.246875 
0.230500 
0.276836 
0.249484 
0.277243 
0.276328 
0.264200 
0.280324 
0.251031 
0.283945 
0.240126 
0.263638 
0.263555 
0.265249 
0.265339 
0.247638 
0.271518 
0.234484 
0.259016 
0.233090 
0.250446 
0.242153 
0.252994 
0.272297 
0.241572 
0.266300 
0.240032 
0.282092 
0.254861 
0.273079 
0.270730 
0.280421 
0.269368 
0.257860 
0.277361 
0.243911 
0.270711 
0.256014 
0.266407 
0.250814 
0.279240 
0.258579 
0.274464 
0.246465 
0.254969 
0.244109 
0.242119 
0.236678 
0.234642 
0.228547 
0.219055 
0.227597 
0.217487 
0.244371 
0.211838 
0.243628 
0.198315 
0.214980 
0.190153 
0.210148 
0.191375 
0.193543 
0.180837 
0.171508 
0.163197 
0.160099 
0.180872 
0.148674 
0.133040 
0.101387 
0.081248 
0.063954 
0.103484 
0.126828 
0.108902 
0.081298 
0.062969 
0.083255 
0.075871 
0.078677 
0.076658 
0.097792 
0.108541 
0.082138 
0.072257 
0.087624 
0.099744 
0.091554 
0.095252 
0.080876 
0.084277 
0.087583 
0.080930 
0.082825 
0.084071 
0.086690 
0.087487 
0.087070 
0.085393 
0.079526 
0.079109 
0.074773 
0.070284 
0.069668 
0.067110 
0.064479 
0.060222 
0.056739 
0.052361 
0.049176 
0.043478 
0.037278 
0.032387 
0.027551 
0.021986 
0.016012 
0.011630 
0.008439 
0.006370 
0.004616 
0.003817 
0.002944 
0.002462 
0.002544 
0.002257 
0.002330 
0.002210 
0.001957 
0.002325 
0.001844 
0.002119 
0.002015 
0.002222 
0.002147 
0.002130 
0.002031 
0.002020 
0.002090 
0.001973 
0.001910 
0.001419 
0.001482 
0.001230 
0.001283 
0.001323 
0.001138 
0.000886 
0.000685 
0.000614 
0.000588 
0.000723 
0.000586 
0.000572 
0.000647 
0.000586 
0.000592 
0.000516 
0.000484 
0.000399 
0.000359 
0.000334 
0.000251 
0.000224 
0.000176 
0.000168 
0.000136 
0.000127 
0.000130 
0.000101 
0.000119 
0.000120 
0.000095 
0.000093 
0.000089 
0.000089 
0.000065 
0.000055 
0.000040 
0.000042 
0.000051 
0.000056 
0.000051 
0.000041 
0.000032 
0.000039 
0.000053 
0.000041 
0.000030 
0.000031 
0.000038 
0.000037 
0.000031 
0.000028 
0.000025 
0.000021 
0.000020 
0.000020 
0.000018 
0.000018 
0.000022 
0.000020 
0.000018 
0.000018 
0.000015 
0.000016 
0.000015 
0.000017 
0.000018 
0.000015 
0.000010 
0.000012 
0.000016 
0.000014 
0.000012 
0.000013 
0.000012 
0.000012 
0.000015 
0.000017 
0.000017 
0.000017 
0.000018 
0.000015 
0.000018 
0.000017 
0.000014 
0.000020 
0.000021 
0.000019 
0.000015 
0.000015 
0.000016 
0.000019 
0.000016 
0.000016 
0.000020 
0.000018 
0.000018 
0.000015 
0.000015 
0.000013 
0.000015 
0.000017 
0.000019 
0.000018 
0.000017 
0.000018 
0.000019 
0.000020 
0.000016 
0.000018 
0.000018 
0.000017 
0.000019 
0.000017 
0.000017 
0.000020 
0.000018 
0.000014 
0.000014 
0.000015 
0.000018 
0.000018 
0.000017 
0.000017 
0.000018 
0.000016 
0.000013 
0.000014 
0.000013 
0.000012 
0.000016 
0.000024 
0.000021 
0.000019 
0.000021 
0.000018 
0.000014 
0.000012 
0.000015 
0.000016 
0.000017 
0.000013 
0.000018 
0.000022 
0.000020 
0.000015 
0.000013 
0.000013 
0.000009 
0.000011 
0.000010 
0.000011 
0.000014 
0.000013 
0.000011 
0.000010 
0.000012 
0.000017 
0.000015 
0.000015 
0.000015 
0.000013 
0.000017 
0.000017 
0.000014 
0.000015 
0.000011 
0.000015 
0.000017 
0.000017 
0.000018 
0.000019 
0.000016 
0.000014 
0.000013 
0.000017 
0.000016 
0.000013 
0.000013 
0.000017 
0.000020 
0.000020 
0.000016 
0.000016 
0.000014 
0.000012 
0.000014 
0.000018 
0.000015 
0.000018 
0.000018 
0.000017 
0.000014 
0.000011 
0.000012 
0.000017 
0.000019 
0.000018 
0.000016 
0.000015 
0.000019 
0.000019 
0.000019 
0.000018 
0.000017 
0.000017 
0.000018 
0.000018 
0.000017 
0.000014 
0.000018 
0.000018 
0.000015 
0.000020 
0.000021 
0.000016 
0.000015 
0.000014 
0.000016 
0.000016 
0.000018 
0.000018 
0.000020 
0.000020 
0.000017 
0.000014 
0.000012 
0.000013 
0.000013 
0.000019 
0.000021 
0.000021 
0.000018 
0.000015 
0.000015 
0.000018 
0.000016 
0.000012 
0.000014 
0.000014 
0.000016 
0.000020 
0.000020 
0.000017 
0.000017 
0.000014 
0.000014 
0.000016 
0.000013 
0.000017 
0.000017 
0.000015 
0.000017 
0.000019 
0.000018 
0.000018 
0.000015 
0.000016 
0.000016 
0.000016 
0.000014 
0.000015 
0.000015 
0.000013 
0.000014 
0.000020 
0.000021 
0.000018 
0.000015 
0.000013 
0.000016 
0.000020 
0.000017 
0.000012 
0.000014 
0.000018 
0.000017 
0.000015 
0.000012 
0.000013 
0.000016 
0.000019 
0.000017 
0.000019 
0.000021 
0.000018 
0.000018 
0.000021 
0.000017 
0.000014 
0.000014 
0.000016 
0.000017 
0.000016 
0.000015 
0.000017 
0.000017 
0.000016 
0.000014 
0.000010 
0.000007 
0.000005 
0.000004 
0.000003 
0.000002 
0.000009 
0.000020 
0.000028 
0.000030 
0.000033 
0.000059 
0.000083 
0.000066 
0.000063 
0.000071 
0.000078 
0.000060 
0.000053 
0.000071 
0.000051 
0.000079 
0.000126 
0.000086 
0.000168 
0.000424 
0.000459 
0.000375 
0.000277 
0.000198 
0.000242 
0.000275 
0.000205 
0.000151 
0.000106 
0.000218 
0.000285 
0.000198 
0.000148 
0.000112 
0.000084 
0.000205 
0.000223 
0.000150 
0.000113 
0.000082 
0.000061 
0.000044 
0.000036 
0.000084 
0.000117 
0.000175 
0.000249 
0.000195 
0.000356 
0.000448 
0.000310 
0.000330 
0.000441 
0.000246 
0.000693 
0.001612 
0.004132 
0.007906 
0.006672 
0.017016 
0.023315 
0.015711 
0.019263 
0.039682 
0.036191 
0.023237 
0.037898 
0.055800 
0.039522 
0.031960 
0.059496 
0.061757 
0.040049 
0.040789 
0.070356 
0.062752 
0.041267 
0.055364 
0.077145 
0.057034 
0.043098 
0.078633 
0.086953 
0.057142 
0.059703 
0.103802 
0.085962 
0.059309 
0.131119 
0.166704 
0.106777 
0.120314 
0.213134 
0.171995 
0.128868 
0.217846 
0.211258 
0.175245 
0.221360 
0.235279 
0.179883 
0.177338 
0.241472 
0.238997 
0.186126 
0.205645 
0.265274 
0.225783 
0.191508 
0.207910 
0.209660 
0.180862 
0.188094 
0.227038 
0.193459 
0.140075 
0.173420 
0.232086 
0.195940 
0.156514 
0.186752 
0.204278 
0.143151 
0.127295 
0.192792 
0.176645 
0.125842 
0.150336 
0.193826 
0.151490 
0.113684 
0.171200 
0.176653 
0.141990 
0.140752 
0.202598 
0.176802 
0.125525 
0.154731 
0.196479 
0.150604 
0.117189 
0.184609 
0.179228 
0.118553 
0.140537 
0.216380 
0.178441 
0.125749 
0.179458 
0.207543 
0.150336 
0.142240 
0.209556 
0.189965 
0.132626 
0.190668 
0.224681 
0.160321 
0.146174 
0.218066 
0.191660 
0.136193 
0.168645 
0.204701 
0.157512 
0.142617 
0.203394 
0.177881 
0.144566 
0.179241 
0.206531 
0.155132 
0.127661 
0.192157 
0.190226 
0.144935 
0.158355 
0.189038 
0.145815 
0.113246 
0.160118 
0.147602 
0.100799 
0.089875 
0.110413 
0.090230 
0.062097 
0.050764 
0.048911 
0.036301 
0.025081 
0.034742 
0.036304 
0.023679 
0.020679 
0.040658 
0.038043 
0.025357 
0.023986 
0.038019 
0.035361 
0.022764 
0.028432 
0.040350 
0.030968 
0.020841 
0.030819 
0.042851 
0.030798 
0.023273 
0.050722 
0.059862 
0.036250 
0.052958 
0.103774 
0.098299 
0.074784 
0.094263 
0.123722 
0.103068 
0.093864 
0.105430 
0.099825 
0.083293 
0.102219 
0.114210 
0.094030 
0.096057 
0.128152 
0.119760 
0.095046 
0.106480 
0.111363 
0.090011 
0.091620 
0.105992 
0.097512 
0.079875 
0.097391 
0.100772 
0.078334 
0.087935 
0.109094 
0.088996 
0.077130 
0.124062 
0.113393 
0.081158 
0.094681 
0.110146 
0.087270 
0.079931 
0.114391 
0.100847 
0.075319 
0.111373 
0.114894 
0.071723 
0.088932 
0.128199 
0.094580 
0.077218 
0.113932 
0.113926 
0.082141 
0.100715 
0.127017 
0.096684 
0.088676 
0.125156 
0.113816 
0.086685 
0.113853 
0.123113 
0.088024 
0.099486 
0.129626 
0.101405 
0.088974 
0.129701 
0.126184 
0.093962 
0.116330 
0.127234 
0.092725 
0.099127 
0.135312 
0.113850 
0.093503 
0.125838 
0.133789 
0.105633 
0.116461 
0.133113 
0.114895 
0.103662 
0.126745 
0.128577 
0.110534 
0.118729 
0.133145 
0.122622 
0.114331 
0.124977 
0.132823 
0.111904 
0.114022 
0.157446 
0.135344 
0.122410 
0.178546 
0.175323 
0.127175 
0.168275 
0.213657 
0.159407 
0.159253 
0.196441 
0.164726 
0.158049 
0.206310 
0.187948 
0.153595 
0.197737 
0.213629 
0.154124 
0.169425 
0.207887 
0.157232 
0.145106 
0.195054 
0.181584 
0.146638 
0.173750 
0.191092 
0.150515 
0.164484 
0.190650 
0.157369 
0.151200 
0.188460 
0.186229 
0.165811 
0.194718 
0.216872 
0.182513 
0.194215 
0.225684 
0.186374 
0.178513 
0.222005 
0.234751 
0.184830 
0.203040 
0.243447 
0.196944 
0.172570 
0.221430 
0.211042 
0.166475 
0.200205 
0.212967 
0.172295 
0.189267 
0.212359 
0.179185 
0.163981 
0.207379 
0.206080 
0.156684 
0.169925 
0.212409 
0.167092 
0.152861 
0.194360 
0.168229 
0.154275 
0.199146 
0.193739 
0.143678 
0.178321 
0.202765 
0.151638 
0.149440 
0.196628 
0.176917 
0.149057 
0.198795 
0.195482 
0.151314 
0.190600 
0.199682 
0.152514 
0.173316 
0.184593 
0.136681 
0.148761 
0.197519 
0.148380 
0.137918 
0.183887 
0.171322 
0.140481 
0.181897 
0.177675 
0.125797 
0.151372 
0.173042 
0.144506 
0.147865 
0.172705 
0.130984 
0.127488 
0.174975 
0.138727 
0.110333 
0.167555 
0.156325 
0.112839 
0.159908 
0.167444 
0.125351 
0.147460 
0.160459 
0.108994 
0.119342 
0.160434 
0.112078 
0.094062 
0.138233 
0.112517 
0.075655 
0.106704 
0.105363 
0.064434 
0.078939 
0.095688 
0.060996 
0.057070 
0.073181 
0.051612 
0.039372 
0.059537 
0.050590 
0.032443 
0.046805 
0.050495 
0.031016 
0.037696 
0.051690 
0.034822 
0.031845 
0.046874 
0.035760 
0.026053 
0.042595 
0.040222 
0.025470 
0.040405 
0.045265 
0.028119 
0.033226 
0.044706 
0.029888 
0.029726 
0.047848 
0.037070 
0.026779 
0.043520 
0.042397 
0.028534 
0.043432 
0.046908 
0.031411 
0.041073 
0.050609 
0.034628 
0.040400 
0.051594 
0.035969 
0.034176 
0.055042 
0.045827 
0.037576 
0.057363 
0.052493 
0.044782 
0.075746 
0.072142 
0.057615 
0.083935 
0.081394 
0.069605 
0.110258 
0.109077 
0.076595 
0.137395 
0.146696 
0.088643 
0.148574 
0.168293 
0.100447 
0.160648 
0.188861 
0.113699 
0.170363 
0.207575 
0.133040 
0.199734 
0.240274 
0.151336 
0.195688 
0.243851 
0.158077 
0.197005 
0.252299 
0.166806 
0.182873 
0.239392 
0.162267 
0.162974 
0.236078 
0.167572 
0.159827 
0.249258 
0.189442 
0.154456 
0.224095 
0.180531 
0.136214 
0.217743 
0.191433 
0.138657 
0.229584 
0.215797 
0.147429 
0.225811 
0.228662 
0.152118 
0.219859 
0.231923 
0.158462 
0.203515 
0.218712 
0.148799 
0.179974 
0.217649 
0.145728 
0.191990 
0.235534 
0.160983 
0.179420 
0.222787 
0.157738 
0.169852 
0.224428 
0.155484 
0.158958 
0.215332 
0.159245 
0.162357 
0.217769 
0.166016 
0.168874 
0.209250 
0.167365 
0.169612 
0.205097 
0.162380 
0.168900 
0.201040 
0.158531 
0.171539 
0.199044 
0.141227 
0.157720 
0.217589 
0.162401 
0.172717 
0.201526 
0.155765 
0.181433 
0.223574 
0.173632 
0.191624 
0.234044 
0.174318 
0.188714 
0.228644 
0.169956 
0.184271 
0.221237 
0.163096 
0.191356 
0.234144 
0.174796 
0.198562 
0.226052 
0.173118 
0.196194 
0.219495 
0.166338 
0.190457 
0.197258 
0.143798 
0.171778 
0.182871 
0.140448 
0.176354 
0.191717 
0.142726 
0.167112 
0.179769 
0.138374 
0.161502 
0.176354 
0.129143 
0.140374 
0.169687 
0.124901 
0.139014 
0.167684 
0.127532 
0.141985 
0.172409 
0.123214 
0.127676 
0.157285 
0.110894 
0.115776 
0.149358 
0.113642 
0.116209 
0.153748 
0.117034 
0.111625 
0.144657 
0.110718 
0.105630 
0.144445 
0.116986 
0.115167 
0.149335 
0.116703 
0.103801 
0.135705 
0.121495 
0.111426 
0.143952 
0.130382 
0.109946 
0.134394 
0.129536 
0.113200 
0.134783 
0.131048 
0.103942 
0.125050 
0.129739 
0.108456 
0.131295 
0.143151 
0.112753 
0.121880 
0.138542 
0.116880 
0.120739 
0.138145 
0.114850 
0.113174 
0.150881 
0.121151 
0.102206 
0.135561 
0.123582 
0.102465 
0.136675 
0.130853 
0.101422 
0.119310 
0.121080 
0.103420 
0.108740 
0.120707 
0.095986 
0.103649 
0.112498 
0.099752 
0.109288 
0.115192 
0.104120 
0.099340 
0.111780 
0.111396 
0.099148 
0.121493 
0.130914 
0.114313 
0.120676 
0.146198 
0.135859 
0.132767 
0.157752 
0.146727 
0.118700 
0.145526 
0.157487 
0.134248 
0.140952 
0.161113 
0.139785 
0.125852 
0.159639 
0.170057 
0.131269 
0.136599 
0.169502 
0.151559 
0.129020 
0.157569 
0.170276 
0.132366 
0.146244 
0.166624 
0.147578 
0.136511 
0.157517 
0.167242 
0.148153 
0.146563 
0.160216 
0.146318 
0.139609 
0.161172 
0.147843 
0.126662 
0.144503 
0.134213 
0.109647 
0.117108 
0.124021 
0.095659 
0.085501 
0.102464 
0.083779 
0.066423 
0.068180 
0.079963 
0.068758 
0.053897 
0.067595 
0.073068 
0.056284 
0.050534 
0.066460 
0.056040 
0.041071 
0.039137 
0.033962 
0.022589 
0.021219 
0.023584 
0.016737 
0.012009 
0.022184 
0.022241 
0.013668 
0.015302 
0.026231 
0.020701 
0.013226 
0.018959 
0.025018 
0.017285 
0.011837 
0.020005 
0.022426 
0.014652 
0.011667 
0.018903 
0.017346 
0.011356 
0.010385 
0.019049 
0.016805 
0.010730 
0.011867 
0.017512 
0.012664 
0.008752 
0.013094 
0.013333 
0.008741 
0.007127 
0.010769 
0.009369 
0.005959 
0.006412 
0.011824 
0.009232 
0.006340 
0.006304 
0.009743 
0.007314 
0.007443 
0.011985 
0.012582 
0.009385 
0.006920 
0.007747 
0.006377 
0.004686 
0.007825 
0.005929 
0.010479 
0.016693 
0.013953 
0.033619 
0.054004 
0.057389 
0.085953 
0.097089 
0.128965 
0.144365 
0.146883 
0.172336 
0.155205 
0.169873 
0.159914 
0.167936 
0.174671 
0.167520 
0.189039 
0.180065 
0.172097 
0.165371 
0.159457 
0.164164 
0.175927 
0.179290 
0.182249 
0.202837 
0.198058 
0.202948 
0.191395 
0.183022 
0.185832 
0.181205 
0.206325 
0.190334 
0.200964 
0.182660 
0.201867 
0.183515 
0.192670 
0.204593 
0.189242 
0.214476 
0.182056 
0.206858 
0.180919 
0.218374 
0.176319 
0.198938 
0.188076 
0.209884 
0.217154 
0.196171 
0.211479 
0.185127 
0.204693 
0.174053 
0.227401 
0.191578 
0.210997 
0.175893 
0.194330 
0.167507 
0.202269 
0.176850 
0.190867 
0.175662 
0.182164 
0.195004 
0.185438 
0.194461 
0.176738 
0.189530 
0.171308 
0.204536 
0.177535 
0.198358 
0.170421 
0.190187 
0.163587 
0.181767 
0.157936 
0.202155 
0.170041 
0.204878 
0.175939 
0.200286 
0.167088 
0.190522 
0.163395 
0.197144 
0.171103 
0.194942 
0.166683 
0.187195 
0.162270 
0.186704 
0.167748 
0.190468 
0.165853 
0.195205 
0.175027 
0.190775 
0.168927 
0.177022 
0.165882 
0.180502 
0.162097 
0.181875 
0.165729 
0.185138 
0.178281 
0.192657 
0.181546 
0.189783 
0.176779 
0.175181 
0.154942 
0.164874 
0.155655 
0.161165 
0.151370 
0.163387 
0.149459 
0.161949 
0.156003 
0.169057 
0.164749 
0.171790 
0.149663 
0.170620 
0.163933 
0.170475 
0.151525 
0.178628 
0.170852 
0.167475 
0.163862 
0.176310 
0.168463 
0.172801 
0.160944 
0.166611 
0.167200 
0.165990 
0.158043 
0.157972 
0.177971 
0.176148 
0.176012 
0.181351 
0.189939 
0.183333 
0.179637 
0.196513 
0.184768 
0.182563 
0.171102 
0.183844 
0.178773 
0.183311 
0.170787 
0.154902 
0.174446 
0.168697 
0.179371 
0.170234 
0.163788 
0.150221 
0.151312 
0.144987 
0.142334 
0.139849 
0.127405 
0.124348 
0.110300 
0.106335 
0.095359 
0.093174 
0.087924 
0.089519 
0.080699 
0.073277 
0.071278 
0.065142 
0.060669 
0.055737 
0.062277 
0.052485 
0.050103 
0.041169 
0.036436 
0.033525 
0.034672 
0.028318 
0.026572 
0.024625 
0.022673 
0.018638 
0.016345 
0.012554 
0.013492 
0.012390 
0.013659 
0.012271 
0.014433 
0.012518 
0.015197 
0.014621 
0.014295 
0.014198 
0.013656 
0.012307 
0.011180 
0.013480 
0.014065 
0.013489 
0.015112 
0.012994 
0.011800 
0.011178 
0.013560 
0.014361 
0.015954 
0.017815 
0.014816 
0.016126 
0.016435 
0.015359 
0.015472 
0.019185 
0.020635 
0.017682 
0.018891 
0.018071 
0.018875 
0.020988 
0.017401 
0.017356 
0.020523 
0.019433 
0.016528 
0.017036 
0.015741 
0.016477 
0.017715 
0.016720 
0.016742 
0.017281 
0.017917 
0.015355 
0.016322 
0.014016 
0.013120 
0.015329 
0.016486 
0.014382 
0.012421 
0.013837 
0.014540 
0.014573 
0.014243 
0.013845 
0.011803 
0.012884 
0.013456 
0.012977 
0.013261 
0.014118 
0.015834 
0.014937 
0.013185 
0.012735 
0.012401 
0.014110 
0.014046 
0.013128 
0.011854 
0.011708 
0.013723 
0.014580 
0.013368 
0.013061 
0.012859 
0.014277 
0.014559 
0.013988 
0.014016 
0.014142 
0.014613 
0.013753 
0.012070 
0.012338 
0.015300 
0.014749 
0.015005 
0.015662 
0.015844 
0.012959 
0.011038 
0.012618 
0.012746 
0.013252 
0.012581 
0.015823 
0.014041 
0.015321 
0.014983 
0.019406 
0.019049 
0.016898 
0.013868 
0.013109 
0.015257 
0.015971 
0.013340 
0.013245 
0.015008 
0.016762 
0.014008 
0.015799 
0.016308 
0.016042 
0.016070 
0.015096 
0.013541 
0.015466 
0.014700 
0.013377 
0.010393 
0.008060 
0.007817 
0.006733 
0.008480 
0.010053 
0.008850 
0.011907 
0.011945 
0.010455 
0.010638 
0.011158 
0.009596 
0.010355 
0.012224 
0.012121 
0.010191 
0.013235 
0.014981 
0.014911 
0.014403 
0.012141 
0.017714 
0.021107 
0.027576 
0.031281 
0.042606 
0.045272 
0.060418 
0.071691 
0.076130 
0.100860 
0.096471 
0.112243 
0.113813 
0.126313 
0.133198 
0.133960 
0.142620 
0.133681 
0.147910 
0.144804 
0.167810 
0.144652 
0.181130 
0.163979 
0.169718 
0.171526 
0.136969 
0.129801 
0.135550 
0.171889 
0.141326 
0.156428 
0.164169 
0.158096 
0.192488 
0.175316 
0.211069 
0.207702 
0.183397 
0.188647 
0.172019 
0.182903 
0.187554 
0.179048 
0.208003 
0.208151 
0.212157 
0.255994 
0.226849 
0.232771 
0.251852 
0.238676 
0.244166 
0.250774 
0.236878 
0.226769 
0.241092 
0.239639 
0.208244 
0.197953 
0.199637 
0.201916 
0.179114 
0.144116 
0.130882 
0.155002 
0.139486 
0.128034 
0.113847 
0.097196 
0.099414 
0.098120 
0.089693 
0.076783 
0.069582 
0.068153 
0.049716 
0.040231 
0.040951 
0.036378 
0.027723 
0.019350 
0.017416 
0.017934 
0.011964 
0.015061 
0.029912 
0.022639 
0.017909 
0.024586 
0.022049 
0.017351 
0.016424 
0.019375 
0.017389 
0.016259 
0.016424 
0.014885 
0.010904 
0.008466 
0.009752 
0.007888 
0.006371 
0.006948 
0.007323 
0.006674 
0.006026 
0.006008 
0.004809 
0.003442 
0.003057 
0.003063 
0.003029 
0.002632 
0.002828 
0.002448 
0.001812 
0.001724 
0.001381 
0.001362 
0.001614 
0.001965 
0.001688 
0.001322 
0.001600 
0.001590 
0.001367 
0.001157 
0.001287 
0.001213 
0.001101 
0.000851 
0.001098 
0.001224 
0.000819 
0.000632 
0.000521 
0.000491 
0.000405 
0.000334 
0.000281 
0.000296 
0.000237 
0.000348 
0.000409 
0.000291 
0.000220 
0.000160 
0.000119 
0.000194 
0.000212 
0.000141 
0.000130 
0.000099 
0.000071 
0.000068 
0.000120 
0.000159 
0.000145 
0.000102 
0.000075 
0.000055 
0.000038 
0.000061 
0.000060 
0.000040 
0.000030 
0.000022 
0.000016 
0.000012 
0.000008 
0.000007 
0.000014 
0.000013 
0.000015 
0.000017 
0.000019 
0.000018 
0.000014 
0.000018 
0.000019 
0.000015 
0.000014 
0.000013 
0.000015 
0.000013 
0.000010 
0.000012 
0.000013 
0.000016 
0.000019 
0.000021 
0.000017 
0.000012 
0.000009 
0.000006 
0.000005 
0.000003 
0.000002 
0.000002 
0.000001 
0.000001 
0.000001 
0.000000 
0.000000 
0.000000 
0.000000 
0.000000 
0.000000 
0.000000 
0.000000 
0.000000 
0.000000 
0.000000 
0.000000 
0.000000 
0.000000 
