[ASCII 1000Hz, Channels: 1, Samples: 1980, Flags: 0]                          
0.000000 
0.000000 
0.000000 
0.000000 
0.000000 
0.000000 
0.000000 
0.000000 
0.000000 
0.000000 
0.000000 
0.000000 
0.000000 
0.000000 
0.000000 
0.000000 
0.000000 
0.000000 
0.000000 
0.000000 
0.000000 
0.000000 
0.000000 
0.000000 
0.000000 
0.000000 
0.000000 
0.000000 
0.000000 
0.000000 
0.000000 
0.000000 
0.000000 
0.000000 
0.000000 
0.000000 
0.000000 
0.000000 
0.000000 
0.000000 
0.000000 
0.000000 
0.000000 
0.000000 
0.000000 
0.000000 
0.000000 
0.000000 
0.000000 
0.000000 
0.000000 
0.000000 
0.000000 
0.000000 
0.000000 
0.000000 
0.000000 
0.000000 
0.000000 
0.000000 
0.000000 
0.000000 
0.000000 
-0.000000 
-0.000000 
0.000000 
-0.000000 
0.000000 
-0.000001 
0.000007 
0.000017 
0.000019 
0.000016 
0.000018 
0.000022 
0.000028 
-0.000013 
0.000216 
-0.000540 
0.002584 
0.006701 
0.025482 
0.060658 
0.077036 
0.130471 
0.215169 
0.209228 
0.196983 
0.218329 
0.217576 
0.245081 
0.272131 
0.253240 
0.237011 
0.253048 
0.219964 
0.166919 
0.250566 
0.290576 
0.234297 
0.211559 
0.294783 
0.307476 
0.254503 
0.245253 
0.285038 
0.290536 
0.218583 
0.244516 
0.313473 
0.328237 
0.252274 
0.288429 
0.331352 
0.310980 
0.243916 
0.295060 
0.332254 
0.282759 
0.256558 
0.338568 
0.344927 
0.261713 
0.279095 
0.345940 
0.290442 
0.227353 
0.304698 
0.330102 
0.231404 
0.233127 
0.358879 
0.325731 
0.229195 
0.305796 
0.368176 
0.261697 
0.230323 
0.350993 
0.321619 
0.209692 
0.268653 
0.333345 
0.220167 
0.213526 
0.328178 
0.262563 
0.173876 
0.301055 
0.324463 
0.197289 
0.232158 
0.348923 
0.248730 
0.192067 
0.330980 
0.322768 
0.193564 
0.258570 
0.368533 
0.246731 
0.205946 
0.352255 
0.305544 
0.189745 
0.303862 
0.361045 
0.225508 
0.220737 
0.342167 
0.256897 
0.181396 
0.302711 
0.292067 
0.178625 
0.269874 
0.347326 
0.217484 
0.231652 
0.361074 
0.261533 
0.203580 
0.337083 
0.297027 
0.187249 
0.286901 
0.330036 
0.202468 
0.244863 
0.343565 
0.231831 
0.210678 
0.331667 
0.253499 
0.193494 
0.300566 
0.253447 
0.185025 
0.280179 
0.262278 
0.171124 
0.251156 
0.274460 
0.173096 
0.243046 
0.280619 
0.177133 
0.237705 
0.293520 
0.189490 
0.228457 
0.313027 
0.211972 
0.218009 
0.312621 
0.220781 
0.203915 
0.314360 
0.236717 
0.199877 
0.328844 
0.271204 
0.201816 
0.329307 
0.285600 
0.201054 
0.323013 
0.305977 
0.199931 
0.294161 
0.305766 
0.190110 
0.263052 
0.315062 
0.200016 
0.212097 
0.266630 
0.185464 
0.141536 
0.186611 
0.164525 
0.104156 
0.115489 
0.190930 
0.144021 
0.096121 
0.131948 
0.148653 
0.099309 
0.075787 
0.103595 
0.092384 
0.061755 
0.050794 
0.055177 
0.041697 
0.028899 
0.026428 
0.026630 
0.019080 
0.013513 
0.013338 
0.012452 
0.010735 
0.015004 
0.017429 
0.026101 
0.023292 
0.029909 
0.029941 
0.022364 
0.021690 
0.030397 
0.045238 
0.031434 
0.033880 
0.057596 
0.033694 
0.054945 
0.226475 
0.167709 
0.226797 
0.391083 
0.256035 
0.297822 
0.320752 
0.211252 
0.306604 
0.290281 
0.206795 
0.318432 
0.253795 
0.212099 
0.321791 
0.225125 
0.223834 
0.296899 
0.188698 
0.230791 
0.301402 
0.209164 
0.257712 
0.280535 
0.203106 
0.263753 
0.259367 
0.198912 
0.270497 
0.261195 
0.221703 
0.279139 
0.246721 
0.222828 
0.275998 
0.234706 
0.233975 
0.278718 
0.223997 
0.239313 
0.276157 
0.233762 
0.256653 
0.270335 
0.222816 
0.273096 
0.263020 
0.217010 
0.268939 
0.244742 
0.221330 
0.276241 
0.236867 
0.229736 
0.273915 
0.216202 
0.239530 
0.282396 
0.216560 
0.261047 
0.284331 
0.220709 
0.267070 
0.265745 
0.212580 
0.269640 
0.246579 
0.209459 
0.273020 
0.227237 
0.209787 
0.272830 
0.221954 
0.214133 
0.256942 
0.201677 
0.207153 
0.238664 
0.192654 
0.179267 
0.201890 
0.183381 
0.124916 
0.123796 
0.116343 
0.093811 
0.060244 
0.121934 
0.150038 
0.085039 
0.165912 
0.216080 
0.130463 
0.177324 
0.216193 
0.133064 
0.173983 
0.231721 
0.151568 
0.173094 
0.214278 
0.146115 
0.163156 
0.202711 
0.140996 
0.185855 
0.213240 
0.145591 
0.211214 
0.216222 
0.154755 
0.239345 
0.207330 
0.165660 
0.265664 
0.198126 
0.184992 
0.277481 
0.188419 
0.214149 
0.284843 
0.182205 
0.243048 
0.274767 
0.175137 
0.280028 
0.263477 
0.185931 
0.277774 
0.213735 
0.191208 
0.312550 
0.217117 
0.222928 
0.289673 
0.184591 
0.234778 
0.259931 
0.165374 
0.256183 
0.240180 
0.167514 
0.270080 
0.213981 
0.186277 
0.288024 
0.196372 
0.205195 
0.270390 
0.170096 
0.223020 
0.257358 
0.160948 
0.243899 
0.237758 
0.162613 
0.262432 
0.214916 
0.174375 
0.272805 
0.192446 
0.192953 
0.279702 
0.182179 
0.211773 
0.261989 
0.165785 
0.204942 
0.217237 
0.145847 
0.110509 
0.130256 
0.117248 
0.076432 
0.074151 
0.103659 
0.079733 
0.056181 
0.141132 
0.146976 
0.089673 
0.126234 
0.147861 
0.090648 
0.105856 
0.163326 
0.112894 
0.093113 
0.137501 
0.109403 
0.077363 
0.135488 
0.137004 
0.088938 
0.143252 
0.147393 
0.097233 
0.157093 
0.152862 
0.122534 
0.178607 
0.171342 
0.175211 
0.218105 
0.204195 
0.224090 
0.247743 
0.233332 
0.267172 
0.289610 
0.289298 
0.318245 
0.313576 
0.301002 
0.342434 
0.348669 
0.340966 
0.364980 
0.341499 
0.333002 
0.327199 
0.289079 
0.299868 
0.313662 
0.284521 
0.319148 
0.302912 
0.288406 
0.323548 
0.282495 
0.285840 
0.316682 
0.265193 
0.305979 
0.301283 
0.255957 
0.320736 
0.282945 
0.257532 
0.311501 
0.253013 
0.274220 
0.282119 
0.206644 
0.293667 
0.266606 
0.218098 
0.287311 
0.223824 
0.241612 
0.286669 
0.189087 
0.268740 
0.260421 
0.198576 
0.286685 
0.226097 
0.211318 
0.256950 
0.175367 
0.223318 
0.245875 
0.190603 
0.234432 
0.238877 
0.208604 
0.243233 
0.211080 
0.204612 
0.233317 
0.195093 
0.202064 
0.220866 
0.191807 
0.222906 
0.210234 
0.200045 
0.230516 
0.195537 
0.221990 
0.222535 
0.191545 
0.228886 
0.209136 
0.207818 
0.228039 
0.188869 
0.202909 
0.190331 
0.176261 
0.209943 
0.179428 
0.204270 
0.204267 
0.158426 
0.217595 
0.172443 
0.179418 
0.233843 
0.148137 
0.206333 
0.209350 
0.147079 
0.229280 
0.178787 
0.153037 
0.192254 
0.128795 
0.132640 
0.145805 
0.096670 
0.104678 
0.118948 
0.081260 
0.093579 
0.096670 
0.064823 
0.071804 
0.078785 
0.063409 
0.061448 
0.058089 
0.064996 
0.080063 
0.084060 
0.078429 
0.071574 
0.079572 
0.073881 
0.074500 
0.091756 
0.074749 
0.074413 
0.067814 
0.059832 
0.046825 
0.039174 
0.038481 
0.045530 
0.054130 
0.058580 
0.047410 
0.044812 
0.045798 
0.040016 
0.037764 
0.045806 
0.056029 
0.056433 
0.060391 
0.073496 
0.064415 
0.058113 
0.051976 
0.040633 
0.038468 
0.050904 
0.065524 
0.062576 
0.066509 
0.058655 
0.053834 
0.063588 
0.055434 
0.041212 
0.046468 
0.062938 
0.053034 
0.043594 
0.055476 
0.052936 
0.049446 
0.049256 
0.040238 
0.035068 
0.048487 
0.043134 
0.037268 
0.045778 
0.044035 
0.041587 
0.034083 
0.042671 
0.055754 
0.050176 
0.042361 
0.034982 
0.031009 
0.034012 
0.051441 
0.043021 
0.034844 
0.032686 
0.032177 
0.025581 
0.025447 
0.028191 
0.029842 
0.040851 
0.041394 
0.041368 
0.041200 
0.034890 
0.035126 
0.031063 
0.030863 
0.035108 
0.030192 
0.026921 
0.026455 
0.026318 
0.025573 
0.021748 
0.019551 
0.018918 
0.018296 
0.016663 
0.019200 
0.017264 
0.017465 
0.017625 
0.016015 
0.017242 
0.018472 
0.023918 
0.029984 
0.027209 
0.020375 
0.022033 
0.024512 
0.024198 
0.021533 
0.019413 
0.016864 
0.014878 
0.014965 
0.015632 
0.013909 
0.012470 
0.014177 
0.015573 
0.020567 
0.017583 
0.021586 
0.032796 
0.031331 
0.028272 
0.034808 
0.039596 
0.043519 
0.062043 
0.059600 
0.041909 
0.034567 
0.033110 
0.028033 
0.022778 
0.026909 
0.018359 
0.036645 
0.091930 
0.054872 
0.164262 
0.204088 
0.140992 
0.220508 
0.185262 
0.169249 
0.245034 
0.223561 
0.204232 
0.283230 
0.277255 
0.251374 
0.319910 
0.288162 
0.263580 
0.332523 
0.296754 
0.266544 
0.351408 
0.298062 
0.244106 
0.350591 
0.286449 
0.263203 
0.357939 
0.283222 
0.301631 
0.333008 
0.271250 
0.316277 
0.359961 
0.311810 
0.281082 
0.306407 
0.295845 
0.252141 
0.315587 
0.338940 
0.259606 
0.262440 
0.322960 
0.270326 
0.236595 
0.320012 
0.303124 
0.235119 
0.299653 
0.316277 
0.228117 
0.244724 
0.316034 
0.250436 
0.227577 
0.325962 
0.298722 
0.230150 
0.298544 
0.324446 
0.244367 
0.268315 
0.336044 
0.274790 
0.254046 
0.323911 
0.311860 
0.253089 
0.312042 
0.341824 
0.265525 
0.284769 
0.362139 
0.327097 
0.262106 
0.337083 
0.357130 
0.258415 
0.259126 
0.344759 
0.314919 
0.232037 
0.284177 
0.332772 
0.239297 
0.207818 
0.303453 
0.306718 
0.209201 
0.226456 
0.295305 
0.244631 
0.177104 
0.239174 
0.279748 
0.208628 
0.181858 
0.249049 
0.225544 
0.156144 
0.170631 
0.251908 
0.239857 
0.175548 
0.202544 
0.240721 
0.204603 
0.155268 
0.188158 
0.206663 
0.180374 
0.143980 
0.179921 
0.194360 
0.152937 
0.137683 
0.177737 
0.186665 
0.148183 
0.138827 
0.167953 
0.176053 
0.139615 
0.134191 
0.164578 
0.164941 
0.124609 
0.136805 
0.167961 
0.160181 
0.117280 
0.128112 
0.157774 
0.151260 
0.111800 
0.145198 
0.166076 
0.144591 
0.105873 
0.106404 
0.121734 
0.120068 
0.093179 
0.119235 
0.138659 
0.120288 
0.093488 
0.108986 
0.129835 
0.107529 
0.074648 
0.094175 
0.123728 
0.107502 
0.071085 
0.091717 
0.127570 
0.118031 
0.077762 
0.087692 
0.119987 
0.114458 
0.077286 
0.076171 
0.108506 
0.115053 
0.081680 
0.067999 
0.093505 
0.096269 
0.073698 
0.051977 
0.052916 
0.065215 
0.053844 
0.037730 
0.027393 
0.022944 
0.019637 
0.013885 
0.009685 
0.009906 
0.010945 
0.007445 
0.005561 
0.003990 
0.002943 
0.002141 
0.001550 
0.001125 
0.000815 
0.000591 
0.000428 
0.000311 
0.000225 
0.000163 
0.000118 
0.000086 
0.000062 
0.000045 
0.000033 
0.000025 
0.000018 
0.000013 
0.000009 
0.000007 
0.000005 
0.000004 
0.000003 
0.000002 
0.000001 
0.000001 
0.000001 
0.000001 
0.000000 
0.000000 
0.000000 
0.000000 
0.000000 
0.000000 
0.000000 
0.000000 
0.000000 
0.000000 
0.000000 
0.000000 
0.000000 
0.000000 
0.000000 
0.000000 
0.000000 
0.000000 
0.000000 
0.000000 
0.000000 
0.000000 
0.000000 
0.000000 
0.000000 
0.000000 
0.000000 
0.000000 
0.000000 
0.000000 
0.000000 
0.000000 
0.000000 
0.000000 
0.000000 
0.000000 
0.000000 
0.000000 
0.000000 
0.000000 
0.000000 
0.000000 
0.000000 
0.000000 
0.000000 
0.000000 
0.000000 
0.000000 
0.000000 
0.000000 
0.000000 
0.000000 
0.000000 
0.000000 
0.000000 
0.000000 
0.000000 
0.000000 
0.000000 
0.000000 
0.000000 
0.000000 
0.000000 
0.000000 
0.000000 
0.000000 
0.000000 
0.000000 
0.000000 
0.000000 
0.000000 
0.000000 
0.000000 
0.000000 
0.000000 
0.000000 
0.000000 
0.000000 
0.000000 
0.000000 
0.000000 
0.000000 
0.000000 
0.000000 
0.000000 
0.000000 
0.000000 
0.000000 
0.000000 
0.000000 
0.000000 
0.000000 
0.000000 
0.000000 
0.000000 
0.000000 
0.000000 
0.000000 
0.000000 
0.000000 
0.000000 
0.000000 
0.000000 
0.000000 
0.000000 
0.000000 
0.000000 
0.000000 
0.000000 
0.000000 
0.000000 
0.000000 
0.000000 
0.000000 
0.000000 
0.000000 
0.000000 
0.000000 
0.000000 
0.000000 
0.000000 
0.000000 
0.000000 
0.000000 
0.000000 
0.000000 
0.000000 
0.000000 
0.000000 
0.000000 
0.000000 
0.000000 
0.000000 
0.000000 
0.000000 
0.000000 
0.000000 
0.000000 
0.000000 
0.000000 
0.000000 
0.000000 
0.000000 
0.000000 
0.000000 
0.000000 
0.000000 
0.000000 
0.000000 
0.000000 
0.000000 
0.000000 
0.000000 
0.000000 
0.000000 
0.000000 
0.000000 
0.000000 
0.000000 
0.000000 
0.000000 
0.000000 
0.000000 
0.000000 
0.000000 
0.000000 
0.000000 
0.000000 
0.000000 
0.000000 
0.000000 
0.000000 
-0.000000 
-0.000000 
-0.000000 
0.000009 
-0.000029 
0.000071 
-0.000019 
0.002248 
0.013456 
0.029163 
0.052345 
0.059493 
0.041716 
0.027921 
0.050375 
0.025260 
0.137390 
0.280657 
0.176377 
0.303536 
0.322474 
0.212081 
0.305762 
0.277110 
0.198670 
0.305329 
0.259677 
0.208761 
0.311561 
0.231716 
0.216862 
0.308638 
0.211886 
0.226156 
0.291259 
0.188479 
0.257533 
0.292088 
0.189333 
0.287467 
0.262756 
0.204353 
0.324640 
0.244655 
0.228040 
0.291086 
0.194782 
0.254859 
0.260248 
0.180586 
0.278101 
0.223100 
0.203716 
0.274342 
0.180886 
0.244742 
0.241432 
0.187581 
0.288501 
0.204561 
0.249366 
0.268339 
0.198752 
0.301980 
0.224550 
0.242251 
0.261048 
0.199004 
0.285922 
0.216001 
0.236719 
0.247074 
0.195502 
0.270927 
0.199096 
0.234365 
0.220303 
0.190580 
0.240618 
0.169986 
0.221672 
0.187098 
0.179977 
0.211482 
0.149990 
0.174543 
0.138760 
0.099855 
0.114101 
0.089954 
0.065405 
0.067070 
0.050931 
0.038864 
0.033572 
0.023710 
0.017774 
0.015193 
0.010678 
0.014715 
0.014892 
0.011600 
0.021994 
0.017144 
0.014489 
0.015183 
0.010594 
0.007999 
0.006570 
0.004788 
0.003456 
0.002554 
0.002363 
0.002486 
0.001729 
0.002086 
0.002744 
0.001836 
0.001600 
0.001133 
0.001409 
0.001283 
0.001265 
0.002374 
0.001596 
0.002495 
0.002775 
0.001830 
0.001391 
0.000990 
0.000721 
0.000523 
0.000379 
0.000275 
0.000198 
0.000152 
0.000092 
0.000134 
-0.000084 
0.001824 
0.009067 
0.034932 
0.043934 
0.035209 
0.046900 
0.044681 
0.030131 
0.029006 
0.025504 
0.070259 
0.072216 
0.210598 
0.223361 
0.247172 
0.219686 
0.246657 
0.227728 
0.239784 
0.222557 
0.249156 
0.273398 
0.257839 
0.305653 
0.267550 
0.294778 
0.239306 
0.274916 
0.241947 
0.285680 
0.246220 
0.256726 
0.236495 
0.257650 
0.262749 
0.238821 
0.241957 
0.226259 
0.229089 
0.210278 
0.227758 
0.204217 
0.216283 
0.200460 
0.240992 
0.198832 
0.224580 
0.190012 
0.217363 
0.205990 
0.237207 
0.203393 
0.214693 
0.207559 
0.224298 
0.214874 
0.217957 
0.233304 
0.207268 
0.203653 
0.180645 
0.225871 
0.201014 
0.199595 
0.180244 
0.228126 
0.196787 
0.219442 
0.185441 
0.214839 
0.213468 
0.214041 
0.204560 
0.212232 
0.212856 
0.200595 
0.234637 
0.195700 
0.226933 
0.183978 
0.225857 
0.189862 
0.161704 
0.154098 
0.109299 
0.102886 
0.077074 
0.058404 
0.060406 
0.043338 
0.049882 
0.049962 
0.046383 
0.076552 
0.056212 
0.074502 
0.060806 
0.056081 
0.061594 
0.046123 
0.067788 
0.049855 
0.059513 
0.060006 
0.062131 
0.115733 
0.111432 
0.167921 
0.148166 
0.236944 
0.191679 
0.257521 
0.228419 
0.241270 
0.243821 
0.227147 
0.294753 
0.230142 
0.297470 
0.236145 
0.285971 
0.252644 
0.276096 
0.289989 
0.239670 
0.288572 
0.225291 
0.276871 
0.211815 
0.254815 
0.242500 
0.228651 
0.271693 
0.205870 
0.252296 
0.187831 
0.208421 
0.182578 
0.181416 
0.226010 
0.159988 
0.196273 
0.149716 
0.169930 
0.198973 
0.147165 
0.212016 
0.164327 
0.175517 
0.195708 
0.141348 
0.213482 
0.164805 
0.164535 
0.190759 
0.124278 
0.180615 
0.164298 
0.121521 
0.156868 
0.117466 
0.087832 
0.077328 
0.062361 
0.043563 
0.041463 
0.041180 
0.028126 
0.021084 
0.014751 
0.015118 
0.013040 
0.010027 
0.017335 
0.014185 
0.010442 
0.013104 
0.010289 
0.007223 
0.005373 
0.004241 
0.003139 
0.002246 
0.002944 
0.002680 
0.001722 
0.001929 
0.002136 
0.001658 
0.001092 
0.001685 
0.002788 
0.001971 
0.001768 
0.002142 
0.001424 
0.001506 
0.001768 
0.001227 
0.000947 
0.000683 
0.000794 
0.000476 
0.000971 
0.002683 
0.001952 
0.002050 
0.002545 
0.001753 
0.001293 
0.000966 
0.000620 
0.000708 
0.001748 
0.000598 
0.029016 
0.046799 
0.055130 
0.076614 
0.070770 
0.056552 
0.045633 
0.032814 
0.028937 
0.027917 
0.023825 
0.016712 
0.065108 
0.066604 
0.068984 
0.144570 
0.140854 
0.105474 
0.144828 
0.179761 
0.125259 
0.102889 
0.165841 
0.139404 
0.091823 
0.152998 
0.194325 
0.125702 
0.135866 
0.208550 
0.167619 
0.120140 
0.189580 
0.223147 
0.146965 
0.136415 
0.228611 
0.195115 
0.127593 
0.163314 
0.214476 
0.151607 
0.125933 
0.208792 
0.197655 
0.130522 
0.154542 
0.206902 
0.159582 
0.118858 
0.162300 
0.171430 
0.120926 
0.106891 
0.161474 
0.165667 
0.110124 
0.106098 
0.152391 
0.130898 
0.087753 
0.112239 
0.151188 
0.118234 
0.086614 
0.113625 
0.133027 
0.100047 
0.083525 
0.116231 
0.130792 
0.107363 
0.081930 
0.102486 
0.121865 
0.111249 
0.076511 
0.056293 
0.096785 
0.094662 
0.063147 
0.048802 
0.110527 
0.108855 
0.076055 
0.049731 
0.120523 
0.148750 
0.102039 
0.065947 
0.124085 
0.171145 
0.118276 
0.077739 
0.109078 
0.178127 
0.126520 
0.086289 
0.090721 
0.178133 
0.140681 
0.096865 
0.080057 
0.166529 
0.148716 
0.101857 
0.073917 
0.154254 
0.158561 
0.108441 
0.072384 
0.137483 
0.168668 
0.115358 
0.075737 
0.122552 
0.173971 
0.121165 
0.079650 
0.111261 
0.183636 
0.133196 
0.088406 
0.104142 
0.182114 
0.137234 
0.091195 
0.098368 
0.184182 
0.146057 
0.096301 
0.099925 
0.178090 
0.141856 
0.094208 
0.096172 
0.195331 
0.171397 
0.111989 
0.122842 
0.164014 
0.125036 
0.095781 
0.125507 
0.159013 
0.113580 
0.108407 
0.164342 
0.171703 
0.122287 
0.111353 
0.160306 
0.154804 
0.110070 
0.154892 
0.200437 
0.150614 
0.122793 
0.182028 
0.197907 
0.135886 
0.151637 
0.216323 
0.182617 
0.130262 
0.192974 
0.245492 
0.174552 
0.146440 
0.220325 
0.212873 
0.144877 
0.182481 
0.252074 
0.181319 
0.168113 
0.251338 
0.234775 
0.156883 
0.222377 
0.277907 
0.183858 
0.172377 
0.289991 
0.239121 
0.161869 
0.253675 
0.258931 
0.155538 
0.212710 
0.305494 
0.202344 
0.201230 
0.299679 
0.219194 
0.167649 
0.287276 
0.251111 
0.161604 
0.259883 
0.272839 
0.166663 
0.246242 
0.273435 
0.164441 
0.217872 
0.262371 
0.155419 
0.211135 
0.282942 
0.179933 
0.224329 
0.298159 
0.198871 
0.236362 
0.295815 
0.189570 
0.250474 
0.324752 
0.209171 
0.269020 
0.306318 
0.190217 
0.293972 
0.318670 
0.204527 
0.319943 
0.305814 
0.223927 
0.346626 
0.295516 
0.228645 
0.322298 
0.252736 
0.258801 
0.323078 
0.235505 
0.280901 
0.320375 
0.240264 
0.323926 
0.301274 
0.210383 
0.325078 
0.263483 
0.234386 
0.323014 
0.225602 
0.268295 
0.300122 
0.215898 
0.294816 
0.266752 
0.232651 
0.331835 
0.251315 
0.257945 
0.298215 
0.222118 
0.272027 
0.261157 
0.202366 
0.273981 
0.221038 
0.217900 
0.254334 
0.206414 
0.250735 
0.224034 
0.200765 
0.259536 
0.213150 
0.223012 
0.248524 
0.197614 
0.251098 
0.243406 
0.207781 
0.253501 
0.206056 
0.214662 
0.251938 
0.196922 
0.238446 
0.224136 
0.192424 
0.262956 
0.226815 
0.226520 
0.265445 
0.204854 
0.246092 
0.250086 
0.210121 
0.271675 
0.226759 
0.200270 
0.274623 
0.197876 
0.231560 
0.276202 
0.195510 
0.264777 
0.255908 
0.188000 
0.294249 
0.250452 
0.207860 
0.291440 
0.212723 
0.225047 
0.280446 
0.188964 
0.232661 
0.265336 
0.165455 
0.247073 
0.263155 
0.166946 
0.247143 
0.237690 
0.157550 
0.250030 
0.217415 
0.158680 
0.222633 
0.169061 
0.135233 
0.203263 
0.153378 
0.130221 
0.185736 
0.134764 
0.122591 
0.188683 
0.140001 
0.116249 
0.166544 
0.127810 
0.101901 
0.145113 
0.129925 
0.090982 
0.145428 
0.142455 
0.094464 
0.135122 
0.158082 
0.105430 
0.131438 
0.166854 
0.114098 
0.110642 
0.174979 
0.131436 
0.104966 
0.152824 
0.137852 
0.089915 
0.140031 
0.157333 
0.094559 
0.123903 
0.171082 
0.111919 
0.115635 
0.171514 
0.132664 
0.106496 
0.172417 
0.163044 
0.108533 
0.107183 
0.133667 
0.096961 
0.082875 
0.114720 
0.090165 
0.061101 
0.072919 
0.105269 
0.086966 
0.063892 
0.077136 
0.073832 
0.052886 
0.043262 
0.069704 
0.076625 
0.059218 
0.060868 
0.067388 
0.058606 
0.041811 
0.044147 
0.054707 
0.048186 
0.048401 
0.048884 
0.040368 
0.044319 
0.041951 
0.041083 
0.035225 
0.035680 
0.028892 
0.020061 
0.016691 
0.025041 
0.027758 
0.024089 
0.022698 
0.020803 
0.019037 
0.021272 
0.015686 
0.020399 
0.027822 
0.020302 
0.016580 
0.015685 
0.014158 
0.013198 
0.014120 
0.013669 
0.015530 
0.013810 
0.011315 
0.015290 
0.013005 
0.008965 
0.007023 
0.005162 
0.004568 
0.004613 
0.003486 
0.003135 
0.003246 
0.002773 
0.002086 
0.001898 
0.003157 
0.002724 
0.002025 
0.001457 
0.001103 
0.001099 
0.000990 
0.000766 
0.000550 
0.000392 
0.000374 
0.000599 
0.000661 
0.000514 
0.000369 
0.000284 
0.000227 
0.000176 
0.000135 
0.000096 
0.000071 
0.000051 
0.000037 
0.000027 
0.000019 
0.000014 
0.000010 
0.000007 
0.000005 
0.000004 
0.000003 
0.000002 
0.000001 
0.000001 
0.000001 
0.000001 
0.000000 
0.000000 
0.000000 
0.000000 
0.000000 
0.000000 
0.000000 
0.000000 
0.000000 
0.000000 
0.000000 
0.000000 
0.000000 
0.000000 
0.000000 
0.000000 
0.000000 
0.000000 
0.000000 
0.000000 
0.000000 
0.000000 
0.000000 
0.000000 
